#           k/h    P           
    0.10000E-03    0.74636E+01
    0.10202E-03    0.76082E+01
    0.10408E-03    0.77556E+01
    0.10618E-03    0.79059E+01
    0.10833E-03    0.80591E+01
    0.11052E-03    0.82153E+01
    0.11275E-03    0.83745E+01
    0.11503E-03    0.85368E+01
    0.11735E-03    0.87022E+01
    0.11972E-03    0.88708E+01
    0.12214E-03    0.90427E+01
    0.12461E-03    0.92179E+01
    0.12712E-03    0.93965E+01
    0.12969E-03    0.95785E+01
    0.13231E-03    0.97641E+01
    0.13499E-03    0.99533E+01
    0.13771E-03    0.10146E+02
    0.14049E-03    0.10343E+02
    0.14333E-03    0.10543E+02
    0.14623E-03    0.10747E+02
    0.14918E-03    0.10955E+02
    0.15220E-03    0.11168E+02
    0.15527E-03    0.11384E+02
    0.15841E-03    0.11604E+02
    0.16161E-03    0.11829E+02
    0.16487E-03    0.12058E+02
    0.16820E-03    0.12292E+02
    0.17160E-03    0.12530E+02
    0.17507E-03    0.12773E+02
    0.17860E-03    0.13020E+02
    0.18221E-03    0.13272E+02
    0.18589E-03    0.13529E+02
    0.18965E-03    0.13791E+02
    0.19348E-03    0.14058E+02
    0.19739E-03    0.14330E+02
    0.20138E-03    0.14607E+02
    0.20544E-03    0.14890E+02
    0.20959E-03    0.15178E+02
    0.21383E-03    0.15472E+02
    0.21815E-03    0.15772E+02
    0.22255E-03    0.16077E+02
    0.22705E-03    0.16388E+02
    0.23164E-03    0.16705E+02
    0.23632E-03    0.17028E+02
    0.24109E-03    0.17358E+02
    0.24596E-03    0.17694E+02
    0.25093E-03    0.18036E+02
    0.25600E-03    0.18385E+02
    0.26117E-03    0.18740E+02
    0.26645E-03    0.19103E+02
    0.27183E-03    0.19472E+02
    0.27732E-03    0.19849E+02
    0.28292E-03    0.20232E+02
    0.28864E-03    0.20624E+02
    0.29447E-03    0.21022E+02
    0.30042E-03    0.21428E+02
    0.30649E-03    0.21843E+02
    0.31268E-03    0.22265E+02
    0.31899E-03    0.22695E+02
    0.32544E-03    0.23133E+02
    0.33201E-03    0.23580E+02
    0.33872E-03    0.24035E+02
    0.34556E-03    0.24499E+02
    0.35254E-03    0.24972E+02
    0.35966E-03    0.25454E+02
    0.36693E-03    0.25945E+02
    0.37434E-03    0.26446E+02
    0.38190E-03    0.26956E+02
    0.38962E-03    0.27476E+02
    0.39749E-03    0.28006E+02
    0.40552E-03    0.28546E+02
    0.41371E-03    0.29096E+02
    0.42207E-03    0.29657E+02
    0.43060E-03    0.30228E+02
    0.43929E-03    0.30810E+02
    0.44817E-03    0.31404E+02
    0.45722E-03    0.32008E+02
    0.46646E-03    0.32624E+02
    0.47588E-03    0.33252E+02
    0.48550E-03    0.33891E+02
    0.49530E-03    0.34543E+02
    0.50531E-03    0.35207E+02
    0.51552E-03    0.35883E+02
    0.52593E-03    0.36573E+02
    0.53656E-03    0.37275E+02
    0.54739E-03    0.37990E+02
    0.55845E-03    0.38719E+02
    0.56973E-03    0.39462E+02
    0.58124E-03    0.40218E+02
    0.59299E-03    0.40989E+02
    0.60496E-03    0.41774E+02
    0.61719E-03    0.42573E+02
    0.62965E-03    0.43388E+02
    0.64237E-03    0.44218E+02
    0.65535E-03    0.45063E+02
    0.66859E-03    0.45924E+02
    0.68210E-03    0.46801E+02
    0.69588E-03    0.47693E+02
    0.70993E-03    0.48603E+02
    0.72427E-03    0.49529E+02
    0.73891E-03    0.50472E+02
    0.75383E-03    0.51433E+02
    0.76906E-03    0.52411E+02
    0.78460E-03    0.53407E+02
    0.80045E-03    0.54421E+02
    0.81662E-03    0.55453E+02
    0.83311E-03    0.56504E+02
    0.84994E-03    0.57574E+02
    0.86711E-03    0.58664E+02
    0.88463E-03    0.59773E+02
    0.90250E-03    0.60902E+02
    0.92073E-03    0.62051E+02
    0.93933E-03    0.63220E+02
    0.95831E-03    0.64410E+02
    0.97767E-03    0.65622E+02
    0.99742E-03    0.66854E+02
    0.10176E-02    0.68109E+02
    0.10381E-02    0.69385E+02
    0.10591E-02    0.70684E+02
    0.10805E-02    0.72005E+02
    0.11023E-02    0.73349E+02
    0.11246E-02    0.74716E+02
    0.11473E-02    0.76106E+02
    0.11705E-02    0.77520E+02
    0.11941E-02    0.78959E+02
    0.12182E-02    0.80421E+02
    0.12429E-02    0.81909E+02
    0.12680E-02    0.83421E+02
    0.12936E-02    0.84958E+02
    0.13197E-02    0.86521E+02
    0.13464E-02    0.88109E+02
    0.13736E-02    0.89724E+02
    0.14013E-02    0.91365E+02
    0.14296E-02    0.93032E+02
    0.14585E-02    0.94726E+02
    0.14880E-02    0.96447E+02
    0.15180E-02    0.98196E+02
    0.15487E-02    0.99972E+02
    0.15800E-02    0.10178E+03
    0.16119E-02    0.10361E+03
    0.16445E-02    0.10547E+03
    0.16777E-02    0.10736E+03
    0.17116E-02    0.10927E+03
    0.17462E-02    0.11122E+03
    0.17814E-02    0.11319E+03
    0.18174E-02    0.11520E+03
    0.18541E-02    0.11723E+03
    0.18916E-02    0.11930E+03
    0.19298E-02    0.12139E+03
    0.19688E-02    0.12351E+03
    0.20086E-02    0.12567E+03
    0.20491E-02    0.12785E+03
    0.20905E-02    0.13006E+03
    0.21328E-02    0.13231E+03
    0.21758E-02    0.13458E+03
    0.22198E-02    0.13689E+03
    0.22646E-02    0.13922E+03
    0.23104E-02    0.14159E+03
    0.23571E-02    0.14398E+03
    0.24047E-02    0.14641E+03
    0.24533E-02    0.14887E+03
    0.25028E-02    0.15136E+03
    0.25534E-02    0.15388E+03
    0.26050E-02    0.15643E+03
    0.26576E-02    0.15901E+03
    0.27113E-02    0.16162E+03
    0.27660E-02    0.16426E+03
    0.28219E-02    0.16693E+03
    0.28789E-02    0.16964E+03
    0.29371E-02    0.17237E+03
    0.29964E-02    0.17513E+03
    0.30569E-02    0.17792E+03
    0.31187E-02    0.18074E+03
    0.31817E-02    0.18359E+03
    0.32460E-02    0.18646E+03
    0.33115E-02    0.18937E+03
    0.33784E-02    0.19230E+03
    0.34467E-02    0.19526E+03
    0.35163E-02    0.19825E+03
    0.35874E-02    0.20126E+03
    0.36598E-02    0.20430E+03
    0.37338E-02    0.20737E+03
    0.38092E-02    0.21046E+03
    0.38861E-02    0.21357E+03
    0.39646E-02    0.21671E+03
    0.40447E-02    0.21986E+03
    0.41264E-02    0.22304E+03
    0.42098E-02    0.22625E+03
    0.42948E-02    0.22947E+03
    0.43816E-02    0.23271E+03
    0.44701E-02    0.23597E+03
    0.45604E-02    0.23924E+03
    0.46525E-02    0.24253E+03
    0.47465E-02    0.24584E+03
    0.48424E-02    0.24916E+03
    0.49402E-02    0.25249E+03
    0.50400E-02    0.25584E+03
    0.51419E-02    0.25920E+03
    0.52457E-02    0.26256E+03
    0.53517E-02    0.26594E+03
    0.54598E-02    0.26932E+03
    0.55701E-02    0.27270E+03
    0.56826E-02    0.27609E+03
    0.57974E-02    0.27947E+03
    0.59145E-02    0.28286E+03
    0.60340E-02    0.28624E+03
    0.61559E-02    0.28961E+03
    0.62803E-02    0.29298E+03
    0.64072E-02    0.29634E+03
    0.65366E-02    0.29969E+03
    0.66686E-02    0.30302E+03
    0.68033E-02    0.30634E+03
    0.69408E-02    0.30964E+03
    0.70810E-02    0.31293E+03
    0.72240E-02    0.31619E+03
    0.73700E-02    0.31942E+03
    0.75189E-02    0.32263E+03
    0.76708E-02    0.32580E+03
    0.78257E-02    0.32894E+03
    0.79838E-02    0.33205E+03
    0.81451E-02    0.33511E+03
    0.83096E-02    0.33814E+03
    0.84775E-02    0.34112E+03
    0.86488E-02    0.34405E+03
    0.88235E-02    0.34693E+03
    0.90017E-02    0.34975E+03
    0.91836E-02    0.35252E+03
    0.93691E-02    0.35523E+03
    0.95583E-02    0.35787E+03
    0.97514E-02    0.36044E+03
    0.99484E-02    0.36294E+03
    0.10149E-01    0.36536E+03
    0.10354E-01    0.36770E+03
    0.10564E-01    0.36996E+03
    0.10777E-01    0.37214E+03
    0.10995E-01    0.37422E+03
    0.11217E-01    0.37620E+03
    0.11443E-01    0.37808E+03
    0.11675E-01    0.37985E+03
    0.11910E-01    0.38152E+03
    0.12151E-01    0.38307E+03
    0.12397E-01    0.38451E+03
    0.12647E-01    0.38584E+03
    0.12902E-01    0.38704E+03
    0.13163E-01    0.38811E+03
    0.13429E-01    0.38904E+03
    0.13700E-01    0.38981E+03
    0.13977E-01    0.39043E+03
    0.14259E-01    0.39089E+03
    0.14547E-01    0.39121E+03
    0.14841E-01    0.39141E+03
    0.15141E-01    0.39150E+03
    0.15447E-01    0.39150E+03
    0.15759E-01    0.39139E+03
    0.16077E-01    0.39113E+03
    0.16402E-01    0.39070E+03
    0.16734E-01    0.39006E+03
    0.17072E-01    0.38919E+03
    0.17416E-01    0.38808E+03
    0.17768E-01    0.38675E+03
    0.18127E-01    0.38523E+03
    0.18493E-01    0.38354E+03
    0.18867E-01    0.38168E+03
    0.19248E-01    0.37965E+03
    0.19637E-01    0.37744E+03
    0.20034E-01    0.37501E+03
    0.20438E-01    0.37235E+03
    0.20851E-01    0.36945E+03
    0.21272E-01    0.36632E+03
    0.21702E-01    0.36298E+03
    0.22141E-01    0.35946E+03
    0.22588E-01    0.35579E+03
    0.23044E-01    0.35198E+03
    0.23510E-01    0.34804E+03
    0.23985E-01    0.34398E+03
    0.24469E-01    0.33979E+03
    0.24964E-01    0.33548E+03
    0.25468E-01    0.33105E+03
    0.25982E-01    0.32649E+03
    0.26507E-01    0.32182E+03
    0.27043E-01    0.31702E+03
    0.27589E-01    0.31210E+03
    0.28146E-01    0.30706E+03
    0.28715E-01    0.30191E+03
    0.29295E-01    0.29668E+03
    0.29887E-01    0.29137E+03
    0.30490E-01    0.28599E+03
    0.31106E-01    0.28058E+03
    0.31735E-01    0.27514E+03
    0.32376E-01    0.26969E+03
    0.33030E-01    0.26427E+03
    0.33697E-01    0.25888E+03
    0.34378E-01    0.25354E+03
    0.35072E-01    0.24826E+03
    0.35781E-01    0.24306E+03
    0.36504E-01    0.23796E+03
    0.37241E-01    0.23295E+03
    0.37993E-01    0.22805E+03
    0.38761E-01    0.22326E+03
    0.39544E-01    0.21860E+03
    0.40343E-01    0.21407E+03
    0.41158E-01    0.20967E+03
    0.41989E-01    0.20542E+03
    0.42838E-01    0.20134E+03
    0.43703E-01    0.19742E+03
    0.44586E-01    0.19369E+03
    0.45486E-01    0.19016E+03
    0.46405E-01    0.18683E+03
    0.47343E-01    0.18367E+03
    0.48299E-01    0.18068E+03
    0.49275E-01    0.17784E+03
    0.50270E-01    0.17514E+03
    0.51286E-01    0.17255E+03
    0.52322E-01    0.17007E+03
    0.53379E-01    0.16769E+03
    0.54457E-01    0.16539E+03
    0.55557E-01    0.16315E+03
    0.56680E-01    0.16096E+03
    0.57825E-01    0.15881E+03
    0.58993E-01    0.15666E+03
    0.60184E-01    0.15450E+03
    0.61400E-01    0.15230E+03
    0.62641E-01    0.15003E+03
    0.63906E-01    0.14765E+03
    0.65197E-01    0.14514E+03
    0.66514E-01    0.14245E+03
    0.67858E-01    0.13960E+03
    0.69229E-01    0.13662E+03
    0.70627E-01    0.13353E+03
    0.72054E-01    0.13031E+03
    0.73510E-01    0.12690E+03
    0.74994E-01    0.12326E+03
    0.76509E-01    0.11944E+03
    0.78055E-01    0.11550E+03
    0.79632E-01    0.11150E+03
    0.81241E-01    0.10749E+03
    0.82882E-01    0.10348E+03
    0.84556E-01    0.99504E+02
    0.86264E-01    0.95608E+02
    0.88007E-01    0.91828E+02
    0.89785E-01    0.88204E+02
    0.91598E-01    0.84771E+02
    0.93449E-01    0.81559E+02
    0.95337E-01    0.78599E+02
    0.97263E-01    0.75915E+02
    0.99227E-01    0.73516E+02
    0.10123E+00    0.71400E+02
    0.10328E+00    0.69557E+02
    0.10536E+00    0.67958E+02
    0.10749E+00    0.66569E+02
    0.10966E+00    0.65345E+02
    0.11188E+00    0.64235E+02
    0.11414E+00    0.63185E+02
    0.11644E+00    0.62141E+02
    0.11880E+00    0.61050E+02
    0.12120E+00    0.59867E+02
    0.12365E+00    0.58553E+02
    0.12614E+00    0.57082E+02
    0.12869E+00    0.55439E+02
    0.13129E+00    0.53628E+02
    0.13394E+00    0.51664E+02
    0.13665E+00    0.49579E+02
    0.13941E+00    0.47415E+02
    0.14223E+00    0.45228E+02
    0.14510E+00    0.43077E+02
    0.14803E+00    0.41025E+02
    0.15102E+00    0.39129E+02
    0.15407E+00    0.37435E+02
    0.15718E+00    0.35965E+02
    0.16036E+00    0.34721E+02
    0.16360E+00    0.33680E+02
    0.16690E+00    0.32809E+02
    0.17028E+00    0.32063E+02
    0.17371E+00    0.31395E+02
    0.17722E+00    0.30748E+02
    0.18080E+00    0.30064E+02
    0.18446E+00    0.29292E+02
    0.18818E+00    0.28398E+02
    0.19198E+00    0.27378E+02
    0.19586E+00    0.26256E+02
    0.19982E+00    0.25073E+02
    0.20386E+00    0.23879E+02
    0.20797E+00    0.22723E+02
    0.21218E+00    0.21652E+02
    0.21646E+00    0.20702E+02
    0.22083E+00    0.19891E+02
    0.22530E+00    0.19214E+02
    0.22985E+00    0.18643E+02
    0.23449E+00    0.18139E+02
    0.23923E+00    0.17655E+02
    0.24406E+00    0.17148E+02
    0.24899E+00    0.16586E+02
    0.25402E+00    0.15961E+02
    0.25915E+00    0.15287E+02
    0.26439E+00    0.14592E+02
    0.26973E+00    0.13911E+02
    0.27518E+00    0.13279E+02
    0.28074E+00    0.12719E+02
    0.28641E+00    0.12234E+02
    0.29219E+00    0.11812E+02
    0.29810E+00    0.11428E+02
    0.30412E+00    0.11053E+02
    0.31026E+00    0.10663E+02
    0.31653E+00    0.10248E+02
    0.32292E+00    0.98135E+01
    0.32945E+00    0.93785E+01
    0.33610E+00    0.89631E+01
    0.34289E+00    0.85824E+01
    0.34982E+00    0.82411E+01
    0.35689E+00    0.79320E+01
    0.36409E+00    0.76408E+01
    0.37145E+00    0.73529E+01
    0.37895E+00    0.70595E+01
    0.38661E+00    0.67618E+01
    0.39442E+00    0.64692E+01
    0.40239E+00    0.61912E+01
    0.41052E+00    0.59333E+01
    0.41881E+00    0.56952E+01
    0.42727E+00    0.54700E+01
    0.43590E+00    0.52506E+01
    0.44471E+00    0.50333E+01
    0.45369E+00    0.48189E+01
    0.46286E+00    0.46122E+01
    0.47221E+00    0.44168E+01
    0.48174E+00    0.42327E+01
    0.49148E+00    0.40580E+01
    0.50141E+00    0.38890E+01
    0.51153E+00    0.37241E+01
    0.52187E+00    0.35644E+01
    0.53241E+00    0.34113E+01
    0.54317E+00    0.32660E+01
    0.55414E+00    0.31275E+01
    0.56533E+00    0.29943E+01
    0.57675E+00    0.28655E+01
    0.58840E+00    0.27416E+01
    0.60029E+00    0.26230E+01
    0.61242E+00    0.25097E+01
    0.62479E+00    0.24011E+01
    0.63741E+00    0.22971E+01
    0.65029E+00    0.21973E+01
    0.66342E+00    0.21015E+01
    0.67683E+00    0.20097E+01
    0.69050E+00    0.19217E+01
    0.70445E+00    0.18373E+01
    0.71868E+00    0.17564E+01
    0.73320E+00    0.16789E+01
    0.74801E+00    0.16047E+01
    0.76312E+00    0.15335E+01
    0.77854E+00    0.14654E+01
    0.79426E+00    0.14002E+01
    0.81031E+00    0.13377E+01
    0.82668E+00    0.12779E+01
    0.84338E+00    0.12207E+01
    0.86041E+00    0.11659E+01
    0.87780E+00    0.11135E+01
    0.89553E+00    0.10634E+01
    0.91362E+00    0.10154E+01
    0.93208E+00    0.96957E+00
    0.95091E+00    0.92570E+00
    0.97011E+00    0.88374E+00
    0.98971E+00    0.84362E+00
    0.10097E+01    0.80525E+00
    0.10301E+01    0.76857E+00
    0.10509E+01    0.73351E+00
    0.10721E+01    0.69999E+00
    0.10938E+01    0.66795E+00
    0.11159E+01    0.63733E+00
    0.11384E+01    0.60807E+00
    0.11614E+01    0.58010E+00
    0.11849E+01    0.55339E+00
    0.12088E+01    0.52786E+00
    0.12333E+01    0.50347E+00
    0.12582E+01    0.48018E+00
    0.12836E+01    0.45793E+00
    0.13095E+01    0.43668E+00
    0.13360E+01    0.41638E+00
    0.13630E+01    0.39700E+00
    0.13905E+01    0.37849E+00
    0.14186E+01    0.36082E+00
    0.14472E+01    0.34395E+00
    0.14765E+01    0.32784E+00
    0.15063E+01    0.31246E+00
    0.15367E+01    0.29778E+00
    0.15678E+01    0.28377E+00
    0.15994E+01    0.27039E+00
    0.16318E+01    0.25763E+00
    0.16647E+01    0.24545E+00
    0.16984E+01    0.23383E+00
    0.17327E+01    0.22274E+00
    0.17677E+01    0.21216E+00
    0.18034E+01    0.20207E+00
    0.18398E+01    0.19244E+00
    0.18770E+01    0.18326E+00
    0.19149E+01    0.17451E+00
    0.19536E+01    0.16617E+00
    0.19930E+01    0.15822E+00
    0.20333E+01    0.15065E+00
    0.20744E+01    0.14343E+00
    0.21163E+01    0.13655E+00
    0.21590E+01    0.13000E+00
    0.22026E+01    0.12376E+00
    0.22471E+01    0.11782E+00
    0.22925E+01    0.11216E+00
    0.23388E+01    0.10677E+00
    0.23861E+01    0.10164E+00
