#          k/h    CDM            baryon         photon         nu             mass_nu        total          no_nu          total_de       Weyl           v_CDM          v_b            v_b-v_c     
   0.994668E-05   0.240133E+07   0.240133E+07   0.320160E+07   0.320160E+07   0.241191E+07   0.240138E+07   0.240133E+07   0.241079E+07  -0.600483E+00   0.239626E+07   0.239626E+07   0.255951E+01
   0.109829E-04   0.240133E+07   0.240133E+07   0.320156E+07   0.320156E+07   0.241191E+07   0.240138E+07   0.240133E+07   0.241079E+07  -0.600483E+00   0.239626E+07   0.239626E+07   0.282615E+01
   0.121272E-04   0.240133E+07   0.240133E+07   0.320151E+07   0.320151E+07   0.241190E+07   0.240138E+07   0.240133E+07   0.241079E+07  -0.600483E+00   0.239626E+07   0.239626E+07   0.312055E+01
   0.133906E-04   0.240133E+07   0.240133E+07   0.320146E+07   0.320145E+07   0.241190E+07   0.240138E+07   0.240133E+07   0.241079E+07  -0.600483E+00   0.239626E+07   0.239626E+07   0.344562E+01
   0.147857E-04   0.240133E+07   0.240133E+07   0.320139E+07   0.320138E+07   0.241189E+07   0.240138E+07   0.240133E+07   0.241079E+07  -0.600482E+00   0.239626E+07   0.239626E+07   0.380454E+01
   0.163261E-04   0.240133E+07   0.240133E+07   0.320130E+07   0.320129E+07   0.241188E+07   0.240138E+07   0.240133E+07   0.241078E+07  -0.600482E+00   0.239626E+07   0.239626E+07   0.420083E+01
   0.180270E-04   0.240132E+07   0.240132E+07   0.320120E+07   0.320119E+07   0.241187E+07   0.240138E+07   0.240132E+07   0.241078E+07  -0.600482E+00   0.239626E+07   0.239626E+07   0.463839E+01
   0.199051E-04   0.240132E+07   0.240132E+07   0.320107E+07   0.320106E+07   0.241186E+07   0.240137E+07   0.240132E+07   0.241078E+07  -0.600481E+00   0.239626E+07   0.239626E+07   0.512150E+01
   0.219788E-04   0.240132E+07   0.240132E+07   0.320092E+07   0.320090E+07   0.241185E+07   0.240137E+07   0.240132E+07   0.241078E+07  -0.600480E+00   0.239625E+07   0.239625E+07   0.565489E+01
   0.242687E-04   0.240132E+07   0.240132E+07   0.320073E+07   0.320071E+07   0.241183E+07   0.240137E+07   0.240132E+07   0.241078E+07  -0.600480E+00   0.239625E+07   0.239625E+07   0.624380E+01
   0.267970E-04   0.240132E+07   0.240132E+07   0.320050E+07   0.320048E+07   0.241181E+07   0.240137E+07   0.240132E+07   0.241077E+07  -0.600479E+00   0.239625E+07   0.239625E+07   0.689397E+01
   0.295888E-04   0.240131E+07   0.240131E+07   0.320022E+07   0.320019E+07   0.241178E+07   0.240136E+07   0.240131E+07   0.241077E+07  -0.600478E+00   0.239625E+07   0.239625E+07   0.761178E+01
   0.326714E-04   0.240131E+07   0.240131E+07   0.319988E+07   0.319985E+07   0.241175E+07   0.240136E+07   0.240131E+07   0.241076E+07  -0.600477E+00   0.239624E+07   0.239624E+07   0.840422E+01
   0.360752E-04   0.240131E+07   0.240131E+07   0.319946E+07   0.319943E+07   0.241171E+07   0.240136E+07   0.240131E+07   0.241076E+07  -0.600475E+00   0.239624E+07   0.239624E+07   0.927901E+01
   0.398336E-04   0.240130E+07   0.240130E+07   0.319895E+07   0.319891E+07   0.241167E+07   0.240135E+07   0.240130E+07   0.241075E+07  -0.600473E+00   0.239623E+07   0.239623E+07   0.102447E+02
   0.439836E-04   0.240129E+07   0.240129E+07   0.319833E+07   0.319828E+07   0.241161E+07   0.240134E+07   0.240129E+07   0.241074E+07  -0.600471E+00   0.239623E+07   0.239623E+07   0.113106E+02
   0.485659E-04   0.240129E+07   0.240129E+07   0.319758E+07   0.319752E+07   0.241154E+07   0.240134E+07   0.240129E+07   0.241073E+07  -0.600468E+00   0.239622E+07   0.239622E+07   0.124871E+02
   0.536256E-04   0.240128E+07   0.240128E+07   0.319666E+07   0.319659E+07   0.241146E+07   0.240132E+07   0.240128E+07   0.241072E+07  -0.600465E+00   0.239621E+07   0.239621E+07   0.137855E+02
   0.592125E-04   0.240126E+07   0.240126E+07   0.319554E+07   0.319545E+07   0.241136E+07   0.240131E+07   0.240126E+07   0.241070E+07  -0.600461E+00   0.239620E+07   0.239620E+07   0.152183E+02
   0.653814E-04   0.240125E+07   0.240125E+07   0.319417E+07   0.319407E+07   0.241123E+07   0.240130E+07   0.240125E+07   0.241068E+07  -0.600456E+00   0.239618E+07   0.239618E+07   0.167991E+02
   0.721930E-04   0.240123E+07   0.240123E+07   0.319251E+07   0.319238E+07   0.241108E+07   0.240128E+07   0.240123E+07   0.241066E+07  -0.600449E+00   0.239616E+07   0.239616E+07   0.185431E+02
   0.797142E-04   0.240121E+07   0.240121E+07   0.319048E+07   0.319032E+07   0.241089E+07   0.240126E+07   0.240121E+07   0.241063E+07  -0.600442E+00   0.239614E+07   0.239614E+07   0.204666E+02
   0.880190E-04   0.240118E+07   0.240118E+07   0.318801E+07   0.318782E+07   0.241067E+07   0.240123E+07   0.240118E+07   0.241060E+07  -0.600433E+00   0.239612E+07   0.239611E+07   0.225877E+02
   0.971891E-04   0.240115E+07   0.240115E+07   0.318500E+07   0.318477E+07   0.241039E+07   0.240120E+07   0.240115E+07   0.241055E+07  -0.600422E+00   0.239608E+07   0.239608E+07   0.249258E+02
   0.107314E-03   0.240111E+07   0.240111E+07   0.318134E+07   0.318105E+07   0.241006E+07   0.240115E+07   0.240111E+07   0.241050E+07  -0.600408E+00   0.239604E+07   0.239604E+07   0.275024E+02
   0.118495E-03   0.240106E+07   0.240106E+07   0.317687E+07   0.317652E+07   0.240965E+07   0.240110E+07   0.240106E+07   0.241044E+07  -0.600392E+00   0.239600E+07   0.239599E+07   0.303404E+02
   0.130840E-03   0.240100E+07   0.240100E+07   0.317144E+07   0.317101E+07   0.240915E+07   0.240104E+07   0.240100E+07   0.241036E+07  -0.600371E+00   0.239594E+07   0.239593E+07   0.334646E+02
   0.144471E-03   0.240093E+07   0.240093E+07   0.316482E+07   0.316430E+07   0.240854E+07   0.240097E+07   0.240093E+07   0.241027E+07  -0.600347E+00   0.239586E+07   0.239586E+07   0.369016E+02
   0.159522E-03   0.240085E+07   0.240084E+07   0.315678E+07   0.315614E+07   0.240780E+07   0.240088E+07   0.240085E+07   0.241016E+07  -0.600317E+00   0.239578E+07   0.239577E+07   0.406798E+02
   0.176142E-03   0.240074E+07   0.240074E+07   0.314699E+07   0.314622E+07   0.240690E+07   0.240077E+07   0.240074E+07   0.241002E+07  -0.600280E+00   0.239567E+07   0.239566E+07   0.448287E+02
   0.194493E-03   0.240061E+07   0.240061E+07   0.313510E+07   0.313416E+07   0.240580E+07   0.240063E+07   0.240061E+07   0.240985E+07  -0.600236E+00   0.239554E+07   0.239553E+07   0.493793E+02
   0.214755E-03   0.240045E+07   0.240045E+07   0.312065E+07   0.311952E+07   0.240446E+07   0.240047E+07   0.240045E+07   0.240964E+07  -0.600182E+00   0.239538E+07   0.239536E+07   0.543629E+02
   0.237129E-03   0.240026E+07   0.240025E+07   0.310312E+07   0.310175E+07   0.240283E+07   0.240027E+07   0.240026E+07   0.240939E+07  -0.600116E+00   0.239519E+07   0.239517E+07   0.598109E+02
   0.261834E-03   0.240003E+07   0.240002E+07   0.308188E+07   0.308022E+07   0.240085E+07   0.240003E+07   0.240003E+07   0.240909E+07  -0.600036E+00   0.239496E+07   0.239493E+07   0.657529E+02
   0.289112E-03   0.239974E+07   0.239973E+07   0.305616E+07   0.305416E+07   0.239844E+07   0.239974E+07   0.239974E+07   0.240871E+07  -0.599939E+00   0.239467E+07   0.239464E+07   0.722158E+02
   0.319233E-03   0.239940E+07   0.239938E+07   0.302507E+07   0.302265E+07   0.239550E+07   0.239938E+07   0.239939E+07   0.240826E+07  -0.599820E+00   0.239432E+07   0.239428E+07   0.792210E+02
   0.352491E-03   0.239898E+07   0.239896E+07   0.298756E+07   0.298466E+07   0.239193E+07   0.239894E+07   0.239897E+07   0.240772E+07  -0.599676E+00   0.239390E+07   0.239385E+07   0.867818E+02
   0.389215E-03   0.239846E+07   0.239844E+07   0.294242E+07   0.293894E+07   0.238759E+07   0.239841E+07   0.239846E+07   0.240705E+07  -0.599501E+00   0.239339E+07   0.239332E+07   0.948990E+02
   0.429764E-03   0.239784E+07   0.239781E+07   0.288823E+07   0.288408E+07   0.238233E+07   0.239776E+07   0.239784E+07   0.240625E+07  -0.599290E+00   0.239276E+07   0.239268E+07   0.103556E+03
   0.474538E-03   0.239708E+07   0.239705E+07   0.282343E+07   0.281849E+07   0.237594E+07   0.239698E+07   0.239708E+07   0.240527E+07  -0.599033E+00   0.239200E+07   0.239191E+07   0.112711E+03
   0.523976E-03   0.239616E+07   0.239612E+07   0.274626E+07   0.274042E+07   0.236821E+07   0.239602E+07   0.239616E+07   0.240409E+07  -0.598722E+00   0.239108E+07   0.239097E+07   0.122291E+03
   0.578566E-03   0.239505E+07   0.239500E+07   0.265484E+07   0.264798E+07   0.235885E+07   0.239487E+07   0.239504E+07   0.240267E+07  -0.598347E+00   0.238995E+07   0.238982E+07   0.132178E+03
   0.638842E-03   0.239370E+07   0.239364E+07   0.254723E+07   0.253925E+07   0.234750E+07   0.239347E+07   0.239369E+07   0.240095E+07  -0.597895E+00   0.238859E+07   0.238844E+07   0.142202E+03
   0.705398E-03   0.239207E+07   0.239199E+07   0.242159E+07   0.241238E+07   0.233388E+07   0.239178E+07   0.239205E+07   0.239889E+07  -0.597351E+00   0.238695E+07   0.238676E+07   0.152124E+03
   0.778888E-03   0.239009E+07   0.239000E+07   0.227630E+07   0.226583E+07   0.231749E+07   0.238973E+07   0.239008E+07   0.239641E+07  -0.596699E+00   0.238495E+07   0.238474E+07   0.161626E+03
   0.860035E-03   0.238772E+07   0.238760E+07   0.211035E+07   0.209862E+07   0.229786E+07   0.238727E+07   0.238770E+07   0.239346E+07  -0.595919E+00   0.238255E+07   0.238229E+07   0.170299E+03
   0.949635E-03   0.238485E+07   0.238472E+07   0.192362E+07   0.191073E+07   0.227440E+07   0.238431E+07   0.238483E+07   0.238995E+07  -0.594990E+00   0.237965E+07   0.237936E+07   0.177642E+03
   0.104857E-02   0.238142E+07   0.238126E+07   0.171744E+07   0.170362E+07   0.224652E+07   0.238075E+07   0.238140E+07   0.238579E+07  -0.593890E+00   0.237616E+07   0.237583E+07   0.183072E+03
   0.115781E-02   0.237732E+07   0.237713E+07   0.149513E+07   0.148073E+07   0.221354E+07   0.237651E+07   0.237729E+07   0.238089E+07  -0.592593E+00   0.237199E+07   0.237162E+07   0.185951E+03
   0.127844E-02   0.237243E+07   0.237220E+07   0.126249E+07   0.124801E+07   0.217471E+07   0.237145E+07   0.237239E+07   0.237515E+07  -0.591073E+00   0.236700E+07   0.236659E+07   0.185650E+03
   0.141163E-02   0.236663E+07   0.236636E+07   0.102822E+07   0.101426E+07   0.212946E+07   0.236546E+07   0.236659E+07   0.236847E+07  -0.589304E+00   0.236107E+07   0.236063E+07   0.181649E+03
   0.155869E-02   0.235979E+07   0.235946E+07   0.803740E+06   0.790899E+06   0.207732E+07   0.235839E+07   0.235974E+07   0.236074E+07  -0.587261E+00   0.235406E+07   0.235359E+07   0.173680E+03
   0.172108E-02   0.235176E+07   0.235136E+07   0.602328E+06   0.591008E+06   0.201786E+07   0.235011E+07   0.235170E+07   0.235187E+07  -0.584918E+00   0.234581E+07   0.234533E+07   0.161901E+03
   0.190039E-02   0.234240E+07   0.234192E+07   0.436989E+06   0.427159E+06   0.195093E+07   0.234045E+07   0.234232E+07   0.234173E+07  -0.582253E+00   0.233616E+07   0.233568E+07   0.147065E+03
   0.209838E-02   0.233154E+07   0.233098E+07   0.317137E+06   0.308105E+06   0.187676E+07   0.232928E+07   0.233145E+07   0.233021E+07  -0.579243E+00   0.232497E+07   0.232450E+07   0.130596E+03
   0.231699E-02   0.231905E+07   0.231837E+07   0.244575E+06   0.234966E+06   0.179606E+07   0.231645E+07   0.231894E+07   0.231716E+07  -0.575862E+00   0.231209E+07   0.231164E+07   0.114468E+03
   0.255838E-02   0.230478E+07   0.230396E+07   0.210464E+06   0.198634E+06   0.171005E+07   0.230181E+07   0.230464E+07   0.230242E+07  -0.572080E+00   0.229738E+07   0.229694E+07   0.100766E+03
   0.282492E-02   0.228857E+07   0.228758E+07   0.196003E+06   0.181058E+06   0.162048E+07   0.228522E+07   0.228840E+07   0.228578E+07  -0.567859E+00   0.228073E+07   0.228029E+07   0.909463E+02
   0.311923E-02   0.227027E+07   0.226909E+07   0.179318E+06   0.162397E+06   0.152941E+07   0.226655E+07   0.227007E+07   0.226706E+07  -0.563150E+00   0.226200E+07   0.226154E+07   0.850311E+02
   0.344419E-02   0.224974E+07   0.224831E+07   0.147583E+06   0.132360E+06   0.143894E+07   0.224564E+07   0.224950E+07   0.224606E+07  -0.557900E+00   0.224107E+07   0.224059E+07   0.813492E+02
   0.380302E-02   0.222681E+07   0.222508E+07   0.106654E+06   0.975976E+05   0.135075E+07   0.222235E+07   0.222652E+07   0.222265E+07  -0.552061E+00   0.221779E+07   0.221728E+07   0.774429E+02
   0.419923E-02   0.220131E+07   0.219923E+07   0.759458E+05   0.744643E+05   0.126578E+07   0.219651E+07   0.220096E+07   0.219673E+07  -0.545594E+00   0.219200E+07   0.219148E+07   0.720243E+02
   0.463671E-02   0.217310E+07   0.217060E+07   0.660948E+05   0.676719E+05   0.118403E+07   0.216798E+07   0.217268E+07   0.216817E+07  -0.538466E+00   0.216353E+07   0.216300E+07   0.663072E+02
   0.511978E-02   0.214203E+07   0.213900E+07   0.629746E+05   0.547072E+05   0.110487E+07   0.213658E+07   0.214152E+07   0.213676E+07  -0.530641E+00   0.213222E+07   0.213167E+07   0.625296E+02
   0.565317E-02   0.210801E+07   0.210437E+07   0.486186E+05   0.441536E+05   0.102501E+07   0.210225E+07   0.210740E+07   0.210239E+07  -0.522091E+00   0.209801E+07   0.209742E+07   0.606296E+02
   0.624213E-02   0.207076E+07   0.206638E+07   0.334647E+05   0.355698E+05   0.944687E+06   0.206466E+07   0.207002E+07   0.206476E+07  -0.512736E+00   0.206057E+07   0.205995E+07   0.583634E+02
   0.689245E-02   0.203017E+07   0.202491E+07   0.316045E+05   0.285960E+05   0.864111E+06   0.202374E+07   0.202929E+07   0.202383E+07  -0.502557E+00   0.201982E+07   0.201916E+07   0.557785E+02
   0.761052E-02   0.198611E+07   0.197980E+07   0.263172E+05   0.229391E+05   0.782340E+06   0.197932E+07   0.198505E+07   0.197939E+07  -0.491514E+00   0.197558E+07   0.197487E+07   0.546518E+02
   0.840340E-02   0.193839E+07   0.193084E+07   0.180078E+05   0.183570E+05   0.702159E+06   0.193124E+07   0.193712E+07   0.193129E+07  -0.479563E+00   0.192770E+07   0.192692E+07   0.537614E+02
   0.927889E-02   0.188686E+07   0.187785E+07   0.176815E+05   0.146510E+05   0.626751E+06   0.187936E+07   0.188535E+07   0.187941E+07  -0.466671E+00   0.187601E+07   0.187517E+07   0.528652E+02
   0.102456E-01   0.183140E+07   0.182067E+07   0.119146E+05   0.116592E+05   0.558069E+06   0.182355E+07   0.182960E+07   0.182358E+07  -0.452806E+00   0.182040E+07   0.181947E+07   0.527698E+02
   0.113130E-01   0.177187E+07   0.175913E+07   0.113126E+05   0.924795E+04   0.492542E+06   0.176365E+07   0.176973E+07   0.176368E+07  -0.437927E+00   0.176071E+07   0.175969E+07   0.525683E+02
   0.124916E-01   0.170812E+07   0.169307E+07   0.771610E+04   0.730861E+04   0.428538E+06   0.169951E+07   0.170559E+07   0.169954E+07  -0.421997E+00   0.169680E+07   0.169566E+07   0.528251E+02
   0.137930E-01   0.164005E+07   0.162237E+07   0.658139E+04   0.575244E+04   0.370531E+06   0.163105E+07   0.163708E+07   0.163107E+07  -0.404994E+00   0.162855E+07   0.162729E+07   0.530788E+02
   0.152300E-01   0.156761E+07   0.154695E+07   0.572711E+04   0.450693E+04   0.318542E+06   0.155821E+07   0.156414E+07   0.155822E+07  -0.386904E+00   0.155592E+07   0.155452E+07   0.533616E+02
   0.168167E-01   0.149253E+07   0.146858E+07   0.404550E+04   0.351703E+04   0.270665E+06   0.148271E+07   0.148851E+07   0.148272E+07  -0.368154E+00   0.148064E+07   0.147909E+07   0.536241E+02
   0.185687E-01   0.141186E+07   0.138437E+07   0.295773E+04   0.272657E+04   0.227487E+06   0.140163E+07   0.140725E+07   0.140164E+07  -0.348021E+00   0.139977E+07   0.139806E+07   0.536357E+02
   0.205033E-01   0.132736E+07   0.129613E+07   0.239319E+04   0.210057E+04   0.189453E+06   0.131672E+07   0.132211E+07   0.131673E+07  -0.326937E+00   0.131507E+07   0.131320E+07   0.532567E+02
   0.226393E-01   0.123830E+07   0.120334E+07   0.219865E+04   0.160566E+04   0.155685E+06   0.122730E+07   0.123243E+07   0.122731E+07  -0.304734E+00   0.122586E+07   0.122383E+07   0.523182E+02
   0.249980E-01   0.114787E+07   0.110937E+07   0.128960E+04   0.121942E+04   0.126599E+06   0.113657E+07   0.114140E+07   0.113657E+07  -0.282204E+00   0.113532E+07   0.113314E+07   0.506686E+02
   0.276023E-01   0.105707E+07   0.101557E+07   0.114140E+04   0.919966E+03   0.101982E+06   0.104559E+07   0.105010E+07   0.104559E+07  -0.259613E+00   0.104452E+07   0.104224E+07   0.480989E+02
   0.304780E-01   0.966274E+06   0.922675E+06   0.775260E+03   0.688923E+03   0.811924E+05   0.954774E+06   0.958954E+06   0.954776E+06  -0.237064E+00   0.953863E+06   0.951535E+06   0.445023E+02
   0.336533E-01   0.877886E+06   0.833533E+06   0.585386E+03   0.512808E+03   0.639195E+05   0.866599E+06   0.870439E+06   0.866600E+06  -0.215170E+00   0.865825E+06   0.863526E+06   0.398130E+02
   0.371593E-01   0.795045E+06   0.751687E+06   0.492527E+03   0.380606E+03   0.501353E+05   0.784253E+06   0.787765E+06   0.784254E+06  -0.194724E+00   0.783586E+06   0.781411E+06   0.341078E+02
   0.410307E-01   0.719766E+06   0.679418E+06   0.335880E+03   0.282522E+03   0.391150E+05   0.709783E+06   0.712991E+06   0.709784E+06  -0.176234E+00   0.709190E+06   0.707244E+06   0.276357E+02
   0.451338E-01   0.655895E+06   0.620317E+06   0.251972E+03   0.212836E+03   0.308262E+05   0.646974E+06   0.649921E+06   0.646974E+06  -0.160638E+00   0.646422E+06   0.644787E+06   0.211073E+02
   0.492368E-01   0.605912E+06   0.575945E+06   0.195770E+03   0.165357E+03   0.248972E+05   0.598138E+06   0.600880E+06   0.598138E+06  -0.148513E+00   0.597601E+06   0.596302E+06   0.153705E+02
   0.533399E-01   0.565555E+06   0.541227E+06   0.155890E+03   0.131668E+03   0.204904E+05   0.558895E+06   0.561470E+06   0.558895E+06  -0.138769E+00   0.558361E+06   0.557379E+06   0.107304E+02
   0.574430E-01   0.531608E+06   0.512252E+06   0.126504E+03   0.106844E+03   0.171131E+05   0.525923E+06   0.528358E+06   0.525924E+06  -0.130582E+00   0.525393E+06   0.524672E+06   0.731387E+01
   0.615460E-01   0.501624E+06   0.486092E+06   0.104089E+03   0.879101E+02   0.144599E+05   0.496709E+06   0.499016E+06   0.496709E+06  -0.123328E+00   0.496188E+06   0.495650E+06   0.508759E+01
   0.656491E-01   0.473420E+06   0.460336E+06   0.863921E+02   0.729630E+02   0.122885E+05   0.469038E+06   0.471223E+06   0.469038E+06  -0.116458E+00   0.468538E+06   0.468099E+06   0.389341E+01
   0.697522E-01   0.445601E+06   0.433609E+06   0.720374E+02   0.608396E+02   0.104685E+05   0.441525E+06   0.443588E+06   0.441526E+06  -0.109627E+00   0.441058E+06   0.440640E+06   0.349327E+01
   0.738552E-01   0.418372E+06   0.406342E+06   0.603053E+02   0.509317E+02   0.892025E+04   0.414412E+06   0.416352E+06   0.414412E+06  -0.102895E+00   0.413987E+06   0.413528E+06   0.361684E+01
   0.779583E-01   0.390875E+06   0.378052E+06   0.505260E+02   0.426733E+02   0.759928E+04   0.386907E+06   0.388722E+06   0.386907E+06  -0.960656E-01   0.386529E+06   0.385995E+06   0.399481E+01
   0.820614E-01   0.364391E+06   0.350448E+06   0.424644E+02   0.358655E+02   0.648565E+04   0.360357E+06   0.362050E+06   0.360357E+06  -0.894733E-01   0.360027E+06   0.359406E+06   0.440476E+01
   0.861644E-01   0.339637E+06   0.324649E+06   0.358588E+02   0.302872E+02   0.555331E+04   0.335542E+06   0.337120E+06   0.335542E+06  -0.833120E-01   0.335255E+06   0.334562E+06   0.468479E+01
   0.912856E-01   0.312085E+06   0.296368E+06   0.293212E+02   0.247659E+02   0.461173E+04   0.307995E+06   0.309446E+06   0.307995E+06  -0.764723E-01   0.307750E+06   0.307010E+06   0.471955E+01
   0.964067E-01   0.289058E+06   0.273549E+06   0.243338E+02   0.205536E+02   0.388115E+04   0.285109E+06   0.286454E+06   0.285109E+06  -0.707899E-01   0.284890E+06   0.284165E+06   0.437880E+01
   0.101528E+00   0.270833E+06   0.256470E+06   0.205603E+02   0.173661E+02   0.332071E+04   0.267159E+06   0.268421E+06   0.267159E+06  -0.663331E-01   0.266950E+06   0.266297E+06   0.374772E+01
   0.106649E+00   0.256742E+06   0.244196E+06   0.176782E+02   0.149314E+02   0.288702E+04   0.253437E+06   0.254636E+06   0.253437E+06  -0.629262E-01   0.253228E+06   0.252683E+06   0.297694E+01
   0.111770E+00   0.245467E+06   0.234989E+06   0.154069E+02   0.130126E+02   0.254135E+04   0.242559E+06   0.243708E+06   0.242559E+06  -0.602253E-01   0.242344E+06   0.241917E+06   0.222662E+01
   0.116891E+00   0.235565E+06   0.226975E+06   0.135345E+02   0.114308E+02   0.225329E+04   0.233019E+06   0.234123E+06   0.233019E+06  -0.578565E-01   0.232798E+06   0.232473E+06   0.162239E+01
   0.122012E+00   0.225899E+06   0.218691E+06   0.119227E+02   0.100694E+02   0.200207E+04   0.223629E+06   0.224689E+06   0.223629E+06  -0.555250E-01   0.223408E+06   0.223150E+06   0.123119E+01
   0.127134E+00   0.215790E+06   0.209307E+06   0.104937E+02   0.886244E+01   0.177581E+04   0.213687E+06   0.214701E+06   0.213687E+06  -0.530566E-01   0.213474E+06   0.213244E+06   0.105750E+01
   0.132255E+00   0.205041E+06   0.198663E+06   0.921165E+01   0.777975E+01   0.156978E+04   0.203006E+06   0.203970E+06   0.203006E+06  -0.504046E-01   0.202808E+06   0.202568E+06   0.105590E+01
   0.137376E+00   0.193861E+06   0.187148E+06   0.806652E+01   0.681275E+01   0.138331E+04   0.191823E+06   0.192734E+06   0.191823E+06  -0.476278E-01   0.191643E+06   0.191371E+06   0.115308E+01
   0.142497E+00   0.182720E+06   0.175490E+06   0.705946E+01   0.596236E+01   0.121807E+04   0.180647E+06   0.181506E+06   0.180647E+06  -0.448531E-01   0.180487E+06   0.180176E+06   0.127173E+01
   0.147618E+00   0.172216E+06   0.164543E+06   0.619400E+01   0.523151E+01   0.107507E+04   0.170119E+06   0.170927E+06   0.170119E+06  -0.422389E-01   0.169976E+06   0.169634E+06   0.134995E+01
   0.152739E+00   0.162913E+06   0.155060E+06   0.546924E+01   0.461944E+01   0.954284E+03   0.160829E+06   0.161594E+06   0.160829E+06  -0.399325E-01   0.160700E+06   0.160346E+06   0.135252E+01
   0.157860E+00   0.155124E+06   0.147438E+06   0.487412E+01   0.411680E+01   0.854441E+03   0.153105E+06   0.153833E+06   0.153105E+06  -0.380145E-01   0.152983E+06   0.152638E+06   0.127337E+01
   0.162982E+00   0.148795E+06   0.141598E+06   0.438711E+01   0.370543E+01   0.772488E+03   0.146887E+06   0.147586E+06   0.146887E+06  -0.364708E-01   0.146768E+06   0.146452E+06   0.113042E+01
   0.168103E+00   0.143611E+06   0.137119E+06   0.398268E+01   0.336378E+01   0.704124E+03   0.141846E+06   0.142521E+06   0.141846E+06  -0.352190E-01   0.141726E+06   0.141450E+06   0.955646E+00
   0.173224E+00   0.139173E+06   0.133449E+06   0.363764E+01   0.307230E+01   0.645355E+03   0.137557E+06   0.138212E+06   0.137557E+06  -0.341541E-01   0.137435E+06   0.137202E+06   0.783758E+00
   0.178345E+00   0.135072E+06   0.130035E+06   0.333307E+01   0.281502E+01   0.593207E+03   0.133590E+06   0.134226E+06   0.133590E+06  -0.331692E-01   0.133467E+06   0.133270E+06   0.642883E+00
   0.183466E+00   0.130930E+06   0.126391E+06   0.305453E+01   0.257974E+01   0.545423E+03   0.129551E+06   0.130168E+06   0.129551E+06  -0.321662E-01   0.129428E+06   0.129255E+06   0.548889E+00
   0.188587E+00   0.126501E+06   0.122228E+06   0.279354E+01   0.235932E+01   0.500529E+03   0.125187E+06   0.125783E+06   0.125187E+06  -0.310827E-01   0.125068E+06   0.124905E+06   0.503901E+00
   0.193708E+00   0.121756E+06   0.117536E+06   0.254802E+01   0.215197E+01   0.457957E+03   0.120473E+06   0.121048E+06   0.120473E+06  -0.299124E-01   0.120361E+06   0.120195E+06   0.498477E+00
   0.198830E+00   0.116845E+06   0.112529E+06   0.231986E+01   0.195929E+01   0.418068E+03   0.115569E+06   0.116120E+06   0.115569E+06  -0.286947E-01   0.115464E+06   0.115288E+06   0.516241E+00
   0.203951E+00   0.111976E+06   0.107507E+06   0.211173E+01   0.178354E+01   0.381494E+03   0.110698E+06   0.111226E+06   0.110698E+06  -0.274853E-01   0.110601E+06   0.110412E+06   0.539275E+00
   0.209072E+00   0.107357E+06   0.102765E+06   0.192559E+01   0.162635E+01   0.348703E+03   0.106081E+06   0.106586E+06   0.106081E+06  -0.263388E-01   0.105990E+06   0.105792E+06   0.552750E+00
   0.214193E+00   0.103164E+06   0.985434E+05   0.176227E+01   0.148842E+01   0.319839E+03   0.101902E+06   0.102388E+06   0.101902E+06  -0.253014E-01   0.101817E+06   0.101616E+06   0.547834E+00
   0.219314E+00   0.995019E+05   0.949746E+05   0.162105E+01   0.136914E+01   0.294843E+03   0.982729E+05   0.987417E+05   0.982730E+05  -0.244003E-01   0.981914E+05   0.979946E+05   0.522571E+00
   0.224435E+00   0.963689E+05   0.920487E+05   0.149938E+01   0.126638E+01   0.273268E+03   0.951894E+05   0.956435E+05   0.951894E+05  -0.236346E-01   0.951095E+05   0.949243E+05   0.480920E+00
   0.229556E+00   0.936689E+05   0.896318E+05   0.139354E+01   0.117698E+01   0.254446E+03   0.925495E+05   0.929911E+05   0.925495E+05  -0.229792E-01   0.924701E+05   0.923005E+05   0.430538E+00
   0.234678E+00   0.912552E+05   0.875251E+05   0.129959E+01   0.109761E+01   0.237710E+03   0.901985E+05   0.906289E+05   0.901985E+05  -0.223954E-01   0.901191E+05   0.899660E+05   0.380116E+00
   0.239799E+00   0.889707E+05   0.855206E+05   0.121400E+01   0.102532E+01   0.222440E+03   0.879716E+05   0.883914E+05   0.879716E+05  -0.218425E-01   0.878925E+05   0.877538E+05   0.337020E+00
   0.244920E+00   0.866815E+05   0.834468E+05   0.113414E+01   0.957859E+00   0.208133E+03   0.857293E+05   0.861384E+05   0.857293E+05  -0.212858E-01   0.856511E+05   0.855225E+05   0.305730E+00
   0.250041E+00   0.843087E+05   0.812079E+05   0.105847E+01   0.893954E+00   0.194535E+03   0.833900E+05   0.837880E+05   0.833900E+05  -0.207050E-01   0.833137E+05   0.831904E+05   0.287283E+00
   0.255162E+00   0.818422E+05   0.787987E+05   0.986592E+00   0.833248E+00   0.181565E+03   0.809448E+05   0.813311E+05   0.809448E+05  -0.200978E-01   0.808711E+05   0.807487E+05   0.279664E+00
   0.260283E+00   0.793258E+05   0.762848E+05   0.918791E+00   0.775990E+00   0.169289E+03   0.784407E+05   0.788152E+05   0.784407E+05  -0.194761E-01   0.783704E+05   0.782458E+05   0.278884E+00
   0.265404E+00   0.768298E+05   0.737671E+05   0.855616E+00   0.722640E+00   0.157864E+03   0.759529E+05   0.763156E+05   0.759529E+05  -0.188584E-01   0.758860E+05   0.757583E+05   0.280323E+00
   0.270526E+00   0.744308E+05   0.713528E+05   0.797585E+00   0.673631E+00   0.147371E+03   0.735628E+05   0.739140E+05   0.735628E+05  -0.182650E-01   0.734990E+05   0.733690E+05   0.279951E+00
   0.275647E+00   0.721961E+05   0.691325E+05   0.745004E+00   0.629225E+00   0.137850E+03   0.713411E+05   0.716817E+05   0.713411E+05  -0.177133E-01   0.712799E+05   0.711498E+05   0.275158E+00
   0.280768E+00   0.701657E+05   0.671573E+05   0.697822E+00   0.589376E+00   0.129256E+03   0.693295E+05   0.696605E+05   0.693295E+05  -0.172139E-01   0.692703E+05   0.691425E+05   0.265098E+00
   0.285889E+00   0.683412E+05   0.654277E+05   0.655578E+00   0.553696E+00   0.121543E+03   0.675295E+05   0.678520E+05   0.675295E+05  -0.167670E-01   0.674716E+05   0.673487E+05   0.250536E+00
   0.291010E+00   0.666915E+05   0.639007E+05   0.617529E+00   0.521558E+00   0.114591E+03   0.659081E+05   0.662229E+05   0.659081E+05  -0.163644E-01   0.658511E+05   0.657345E+05   0.233343E+00
   0.296131E+00   0.651675E+05   0.625100E+05   0.582848E+00   0.492264E+00   0.108256E+03   0.644136E+05   0.647213E+05   0.644136E+05  -0.159933E-01   0.643572E+05   0.642475E+05   0.215814E+00
   0.301252E+00   0.637157E+05   0.611845E+05   0.550765E+00   0.465165E+00   0.102376E+03   0.629898E+05   0.632907E+05   0.629898E+05  -0.156398E-01   0.629339E+05   0.628305E+05   0.200019E+00
   0.306374E+00   0.622882E+05   0.598624E+05   0.520654E+00   0.439733E+00   0.968617E+02   0.615867E+05   0.618809E+05   0.615867E+05  -0.152914E-01   0.615317E+05   0.614332E+05   0.187339E+00
   0.311495E+00   0.608529E+05   0.585045E+05   0.492101E+00   0.415617E+00   0.916546E+02   0.601712E+05   0.604586E+05   0.601712E+05  -0.149399E-01   0.601173E+05   0.600220E+05   0.178262E+00
   0.316616E+00   0.593997E+05   0.571009E+05   0.464925E+00   0.392665E+00   0.866902E+02   0.587331E+05   0.590137E+05   0.587331E+05  -0.145829E-01   0.586806E+05   0.585869E+05   0.172426E+00
   0.321737E+00   0.579396E+05   0.556692E+05   0.439133E+00   0.370883E+00   0.819327E+02   0.572847E+05   0.575584E+05   0.572847E+05  -0.142233E-01   0.572338E+05   0.571406E+05   0.168862E+00
   0.326858E+00   0.564966E+05   0.542432E+05   0.414827E+00   0.350355E+00   0.774202E+02   0.558514E+05   0.561182E+05   0.558514E+05  -0.138674E-01   0.558021E+05   0.557088E+05   0.166331E+00
   0.331979E+00   0.550976E+05   0.528605E+05   0.392116E+00   0.331175E+00   0.732165E+02   0.544618E+05   0.547220E+05   0.544618E+05  -0.135224E-01   0.544142E+05   0.543209E+05   0.163673E+00
   0.337100E+00   0.537658E+05   0.515528E+05   0.371060E+00   0.313392E+00   0.693496E+02   0.531403E+05   0.533942E+05   0.531403E+05  -0.131942E-01   0.530941E+05   0.530015E+05   0.160059E+00
   0.342222E+00   0.525154E+05   0.503393E+05   0.351646E+00   0.296996E+00   0.657828E+02   0.519021E+05   0.521501E+05   0.519021E+05  -0.128868E-01   0.518571E+05   0.517660E+05   0.155125E+00
   0.347343E+00   0.513499E+05   0.492238E+05   0.333780E+00   0.281906E+00   0.624771E+02   0.507504E+05   0.509929E+05   0.507504E+05  -0.126008E-01   0.507063E+05   0.506175E+05   0.148960E+00
   0.352464E+00   0.502613E+05   0.481954E+05   0.317298E+00   0.267986E+00   0.594258E+02   0.496771E+05   0.499145E+05   0.496771E+05  -0.123344E-01   0.496338E+05   0.495479E+05   0.141996E+00
   0.357585E+00   0.492343E+05   0.472333E+05   0.302002E+00   0.255066E+00   0.565975E+02   0.486657E+05   0.488983E+05   0.486657E+05  -0.120832E-01   0.486231E+05   0.485404E+05   0.134837E+00
   0.362706E+00   0.482502E+05   0.463129E+05   0.287695E+00   0.242982E+00   0.539483E+02   0.476970E+05   0.479249E+05   0.476970E+05  -0.118427E-01   0.476550E+05   0.475752E+05   0.128078E+00
   0.367827E+00   0.472920E+05   0.454119E+05   0.274205E+00   0.231588E+00   0.514343E+02   0.467529E+05   0.469763E+05   0.467529E+05  -0.116083E-01   0.467116E+05   0.466344E+05   0.122164E+00
   0.372948E+00   0.463467E+05   0.445145E+05   0.261406E+00   0.220778E+00   0.490547E+02   0.458201E+05   0.460391E+05   0.458201E+05  -0.113767E-01   0.457795E+05   0.457044E+05   0.117306E+00
   0.378070E+00   0.454077E+05   0.436133E+05   0.249218E+00   0.210485E+00   0.467896E+02   0.448918E+05   0.451064E+05   0.448918E+05  -0.111462E-01   0.448521E+05   0.447784E+05   0.113471E+00
   0.383191E+00   0.444757E+05   0.427107E+05   0.237614E+00   0.200685E+00   0.446345E+02   0.439692E+05   0.441793E+05   0.439692E+05  -0.109171E-01   0.439303E+05   0.438577E+05   0.110437E+00
   0.388312E+00   0.435583E+05   0.418172E+05   0.226603E+00   0.191384E+00   0.425857E+02   0.430601E+05   0.432659E+05   0.430601E+05  -0.106914E-01   0.430222E+05   0.429503E+05   0.107878E+00
   0.393433E+00   0.426642E+05   0.409453E+05   0.216198E+00   0.182597E+00   0.406540E+02   0.421740E+05   0.423756E+05   0.421740E+05  -0.104714E-01   0.421370E+05   0.420658E+05   0.105457E+00
   0.398554E+00   0.418008E+05   0.401053E+05   0.206403E+00   0.174325E+00   0.388359E+02   0.413186E+05   0.415161E+05   0.413186E+05  -0.102590E-01   0.412825E+05   0.412121E+05   0.102903E+00
   0.403675E+00   0.409727E+05   0.393040E+05   0.197207E+00   0.166558E+00   0.371179E+02   0.404990E+05   0.406925E+05   0.404990E+05  -0.100555E-01   0.404636E+05   0.403943E+05   0.100066E+00
   0.408796E+00   0.401827E+05   0.385448E+05   0.188588E+00   0.159279E+00   0.355042E+02   0.397178E+05   0.399077E+05   0.397178E+05  -0.986157E-02   0.396832E+05   0.396151E+05   0.969236E-01
   0.413918E+00   0.394299E+05   0.378262E+05   0.180507E+00   0.152454E+00   0.339887E+02   0.389743E+05   0.391606E+05   0.389743E+05  -0.967696E-02   0.389402E+05   0.388738E+05   0.935603E-01
   0.419039E+00   0.387095E+05   0.371420E+05   0.172911E+00   0.146037E+00   0.325715E+02   0.382634E+05   0.384463E+05   0.382634E+05  -0.950044E-02   0.382299E+05   0.381651E+05   0.901285E-01
   0.424160E+00   0.380147E+05   0.364833E+05   0.165738E+00   0.139979E+00   0.312313E+02   0.375779E+05   0.377576E+05   0.375779E+05  -0.933025E-02   0.375449E+05   0.374817E+05   0.867960E-01
   0.429281E+00   0.373392E+05   0.358421E+05   0.158938E+00   0.134236E+00   0.299673E+02   0.369114E+05   0.370878E+05   0.369114E+05  -0.916475E-02   0.368789E+05   0.368172E+05   0.837027E-01
   0.434402E+00   0.366785E+05   0.352125E+05   0.152470E+00   0.128773E+00   0.287607E+02   0.362590E+05   0.364324E+05   0.362590E+05  -0.900278E-02   0.362271E+05   0.361668E+05   0.809319E-01
   0.439523E+00   0.360296E+05   0.345911E+05   0.146304E+00   0.123565E+00   0.276084E+02   0.356178E+05   0.357880E+05   0.356178E+05  -0.884356E-02   0.355864E+05   0.355272E+05   0.785004E-01
   0.444644E+00   0.353910E+05   0.339766E+05   0.140418E+00   0.118594E+00   0.265020E+02   0.349862E+05   0.351535E+05   0.349862E+05  -0.868675E-02   0.349554E+05   0.348971E+05   0.763655E-01
   0.449766E+00   0.347635E+05   0.333707E+05   0.134803E+00   0.113852E+00   0.254408E+02   0.343654E+05   0.345297E+05   0.343654E+05  -0.853261E-02   0.343352E+05   0.342777E+05   0.744442E-01
   0.454887E+00   0.341499E+05   0.327773E+05   0.129455E+00   0.109336E+00   0.244331E+02   0.337581E+05   0.339194E+05   0.337581E+05  -0.838181E-02   0.337284E+05   0.336717E+05   0.726402E-01
   0.460008E+00   0.335530E+05   0.322003E+05   0.124373E+00   0.105043E+00   0.234855E+02   0.331673E+05   0.333259E+05   0.331673E+05  -0.823513E-02   0.331382E+05   0.330823E+05   0.708676E-01
   0.465129E+00   0.329747E+05   0.316424E+05   0.119551E+00   0.100971E+00   0.225935E+02   0.325952E+05   0.327510E+05   0.325952E+05  -0.809308E-02   0.325666E+05   0.325115E+05   0.690678E-01
   0.470250E+00   0.324157E+05   0.311047E+05   0.114978E+00   0.971080E-01   0.217374E+02   0.320424E+05   0.321955E+05   0.320424E+05  -0.795582E-02   0.320143E+05   0.319600E+05   0.672172E-01
   0.475371E+00   0.318753E+05   0.305867E+05   0.110638E+00   0.934433E-01   0.209186E+02   0.315083E+05   0.316590E+05   0.315083E+05  -0.782322E-02   0.314807E+05   0.314274E+05   0.653250E-01
   0.480492E+00   0.313526E+05   0.300869E+05   0.106518E+00   0.899632E-01   0.201380E+02   0.309919E+05   0.311401E+05   0.309919E+05  -0.769501E-02   0.309648E+05   0.309125E+05   0.634245E-01
   0.485614E+00   0.308461E+05   0.296033E+05   0.102600E+00   0.866541E-01   0.194032E+02   0.304916E+05   0.306374E+05   0.304916E+05  -0.757079E-02   0.304649E+05   0.304136E+05   0.615602E-01
   0.490735E+00   0.303535E+05   0.291330E+05   0.988668E-01   0.835011E-01   0.187004E+02   0.300051E+05   0.301486E+05   0.300051E+05  -0.744999E-02   0.299788E+05   0.299284E+05   0.597743E-01
   0.495856E+00   0.298724E+05   0.286732E+05   0.953015E-01   0.804899E-01   0.180284E+02   0.295298E+05   0.296710E+05   0.295298E+05  -0.733199E-02   0.295039E+05   0.294545E+05   0.580965E-01
   0.500977E+00   0.294010E+05   0.282217E+05   0.918903E-01   0.776089E-01   0.173862E+02   0.290640E+05   0.292030E+05   0.290640E+05  -0.721632E-02   0.290385E+05   0.289898E+05   0.565393E-01
   0.506098E+00   0.289387E+05   0.277780E+05   0.886244E-01   0.748505E-01   0.167767E+02   0.286070E+05   0.287438E+05   0.286070E+05  -0.710286E-02   0.285819E+05   0.285340E+05   0.550976E-01
   0.511219E+00   0.284859E+05   0.273426E+05   0.854981E-01   0.722101E-01   0.161909E+02   0.281593E+05   0.282939E+05   0.281593E+05  -0.699168E-02   0.281345E+05   0.280874E+05   0.537527E-01
   0.516340E+00   0.280428E+05   0.269160E+05   0.825062E-01   0.696832E-01   0.156256E+02   0.277211E+05   0.278536E+05   0.277211E+05  -0.688288E-02   0.276967E+05   0.276502E+05   0.524785E-01
   0.521462E+00   0.276098E+05   0.264990E+05   0.796437E-01   0.672657E-01   0.150856E+02   0.272928E+05   0.274233E+05   0.272928E+05  -0.677654E-02   0.272688E+05   0.272230E+05   0.512482E-01
   0.526583E+00   0.271873E+05   0.260924E+05   0.769063E-01   0.649537E-01   0.145698E+02   0.268749E+05   0.270034E+05   0.268749E+05  -0.667279E-02   0.268514E+05   0.268061E+05   0.500406E-01
   0.531704E+00   0.267759E+05   0.256969E+05   0.742902E-01   0.627441E-01   0.140771E+02   0.264681E+05   0.265947E+05   0.264681E+05  -0.657179E-02   0.264449E+05   0.264003E+05   0.488433E-01
   0.536825E+00   0.263757E+05   0.253127E+05   0.717902E-01   0.606328E-01   0.136015E+02   0.260725E+05   0.261972E+05   0.260725E+05  -0.647357E-02   0.260497E+05   0.260058E+05   0.476535E-01
   0.541946E+00   0.259862E+05   0.249393E+05   0.693999E-01   0.586139E-01   0.131507E+02   0.256876E+05   0.258104E+05   0.256876E+05  -0.637799E-02   0.256650E+05   0.256218E+05   0.464761E-01
   0.547067E+00   0.256065E+05   0.245756E+05   0.671119E-01   0.566815E-01   0.127227E+02   0.253124E+05   0.254334E+05   0.253124E+05  -0.628482E-02   0.252901E+05   0.252476E+05   0.453213E-01
   0.559946E+00   0.246912E+05   0.236990E+05   0.617713E-01   0.521709E-01   0.117165E+02   0.244079E+05   0.245246E+05   0.244079E+05  -0.606025E-02   0.243864E+05   0.243455E+05   0.425838E-01
   0.593872E+00   0.224987E+05   0.215936E+05   0.500386E-01   0.422617E-01   0.950286E+01   0.222404E+05   0.223468E+05   0.222404E+05  -0.552208E-02   0.222209E+05   0.221835E+05   0.366504E-01
   0.629853E+00   0.204955E+05   0.196718E+05   0.405244E-01   0.342261E-01   0.770032E+01   0.202603E+05   0.203572E+05   0.202603E+05  -0.503045E-02   0.202425E+05   0.202086E+05   0.314302E-01
   0.879031E+00   0.119810E+05   0.114996E+05   0.121624E-01   0.102722E-01   0.231721E+01   0.118435E+05   0.119002E+05   0.118435E+05  -0.294063E-02   0.118331E+05   0.118133E+05   0.131544E-01
   0.122679E+01   0.691904E+04   0.664114E+04   0.360616E-02   0.304570E-02   0.688455E+00   0.683966E+04   0.687238E+04   0.683966E+04  -0.169822E-02   0.683366E+04   0.682221E+04   0.543947E-02
   0.171212E+01   0.395419E+04   0.379541E+04   0.105810E-02   0.893653E-03   0.202080E+00   0.390883E+04   0.392753E+04   0.390883E+04  -0.970525E-03   0.390540E+04   0.389885E+04   0.222718E-02
   0.238945E+01   0.223953E+04   0.214962E+04   0.307680E-03   0.259860E-03   0.588501E-01   0.221385E+04   0.222444E+04   0.221385E+04  -0.549677E-03   0.221190E+04   0.220820E+04   0.904490E-03
