#          k/h    CDM            baryon         photon         nu             mass_nu        total          no_nu          total_de       Weyl           v_CDM          v_b            v_b-v_c     
   0.994668E-05   0.869694E+07   0.869694E+07   0.115936E+08   0.115935E+08   0.870123E+07   0.869696E+07   0.869694E+07   0.870625E+07  -0.590071E+00   0.826563E+07   0.826562E+07   0.117135E+02
   0.109829E-04   0.869694E+07   0.869694E+07   0.115931E+08   0.115930E+08   0.870122E+07   0.869696E+07   0.869694E+07   0.870625E+07  -0.590071E+00   0.826562E+07   0.826562E+07   0.129337E+02
   0.121272E-04   0.869694E+07   0.869694E+07   0.115925E+08   0.115923E+08   0.870121E+07   0.869696E+07   0.869694E+07   0.870625E+07  -0.590071E+00   0.826562E+07   0.826562E+07   0.142808E+02
   0.133906E-04   0.869693E+07   0.869693E+07   0.115917E+08   0.115915E+08   0.870120E+07   0.869695E+07   0.869693E+07   0.870624E+07  -0.590071E+00   0.826562E+07   0.826562E+07   0.157682E+02
   0.147857E-04   0.869693E+07   0.869693E+07   0.115908E+08   0.115906E+08   0.870118E+07   0.869695E+07   0.869693E+07   0.870624E+07  -0.590070E+00   0.826561E+07   0.826561E+07   0.174104E+02
   0.163261E-04   0.869692E+07   0.869692E+07   0.115897E+08   0.115894E+08   0.870116E+07   0.869694E+07   0.869692E+07   0.870623E+07  -0.590070E+00   0.826561E+07   0.826561E+07   0.192236E+02
   0.180270E-04   0.869692E+07   0.869692E+07   0.115883E+08   0.115880E+08   0.870114E+07   0.869694E+07   0.869692E+07   0.870623E+07  -0.590069E+00   0.826560E+07   0.826560E+07   0.212253E+02
   0.199051E-04   0.869691E+07   0.869691E+07   0.115866E+08   0.115862E+08   0.870111E+07   0.869693E+07   0.869691E+07   0.870622E+07  -0.590069E+00   0.826560E+07   0.826560E+07   0.234353E+02
   0.219788E-04   0.869690E+07   0.869690E+07   0.115846E+08   0.115841E+08   0.870108E+07   0.869692E+07   0.869690E+07   0.870621E+07  -0.590068E+00   0.826559E+07   0.826559E+07   0.258750E+02
   0.242687E-04   0.869689E+07   0.869689E+07   0.115821E+08   0.115815E+08   0.870104E+07   0.869691E+07   0.869689E+07   0.870620E+07  -0.590067E+00   0.826558E+07   0.826558E+07   0.285683E+02
   0.267970E-04   0.869688E+07   0.869688E+07   0.115790E+08   0.115784E+08   0.870098E+07   0.869690E+07   0.869688E+07   0.870618E+07  -0.590066E+00   0.826557E+07   0.826556E+07   0.315413E+02
   0.295888E-04   0.869686E+07   0.869686E+07   0.115753E+08   0.115745E+08   0.870092E+07   0.869688E+07   0.869686E+07   0.870616E+07  -0.590065E+00   0.826555E+07   0.826555E+07   0.348229E+02
   0.326714E-04   0.869684E+07   0.869684E+07   0.115708E+08   0.115698E+08   0.870084E+07   0.869686E+07   0.869684E+07   0.870614E+07  -0.590063E+00   0.826553E+07   0.826553E+07   0.384449E+02
   0.360752E-04   0.869682E+07   0.869682E+07   0.115653E+08   0.115641E+08   0.870075E+07   0.869684E+07   0.869682E+07   0.870611E+07  -0.590061E+00   0.826551E+07   0.826551E+07   0.424422E+02
   0.398336E-04   0.869679E+07   0.869679E+07   0.115586E+08   0.115572E+08   0.870064E+07   0.869681E+07   0.869679E+07   0.870608E+07  -0.590059E+00   0.826548E+07   0.826548E+07   0.468531E+02
   0.439836E-04   0.869676E+07   0.869675E+07   0.115505E+08   0.115487E+08   0.870050E+07   0.869678E+07   0.869676E+07   0.870603E+07  -0.590056E+00   0.826545E+07   0.826544E+07   0.517198E+02
   0.485659E-04   0.869672E+07   0.869671E+07   0.115405E+08   0.115383E+08   0.870033E+07   0.869673E+07   0.869672E+07   0.870598E+07  -0.590052E+00   0.826541E+07   0.826540E+07   0.570886E+02
   0.536256E-04   0.869666E+07   0.869666E+07   0.115284E+08   0.115257E+08   0.870012E+07   0.869668E+07   0.869666E+07   0.870592E+07  -0.590048E+00   0.826536E+07   0.826535E+07   0.630099E+02
   0.592125E-04   0.869660E+07   0.869659E+07   0.115137E+08   0.115104E+08   0.869987E+07   0.869662E+07   0.869660E+07   0.870584E+07  -0.590042E+00   0.826530E+07   0.826529E+07   0.695391E+02
   0.653814E-04   0.869653E+07   0.869651E+07   0.114957E+08   0.114917E+08   0.869956E+07   0.869654E+07   0.869652E+07   0.870575E+07  -0.590035E+00   0.826523E+07   0.826521E+07   0.767362E+02
   0.721930E-04   0.869643E+07   0.869642E+07   0.114739E+08   0.114690E+08   0.869918E+07   0.869644E+07   0.869643E+07   0.870564E+07  -0.590028E+00   0.826514E+07   0.826512E+07   0.846667E+02
   0.797142E-04   0.869632E+07   0.869630E+07   0.114473E+08   0.114414E+08   0.869873E+07   0.869633E+07   0.869632E+07   0.870550E+07  -0.590018E+00   0.826503E+07   0.826501E+07   0.934013E+02
   0.880190E-04   0.869618E+07   0.869615E+07   0.114149E+08   0.114077E+08   0.869817E+07   0.869618E+07   0.869618E+07   0.870533E+07  -0.590006E+00   0.826490E+07   0.826487E+07   0.103016E+03
   0.971891E-04   0.869601E+07   0.869598E+07   0.113756E+08   0.113669E+08   0.869749E+07   0.869601E+07   0.869601E+07   0.870513E+07  -0.589991E+00   0.826474E+07   0.826470E+07   0.113593E+03
   0.107314E-03   0.869581E+07   0.869577E+07   0.113278E+08   0.113172E+08   0.869666E+07   0.869580E+07   0.869580E+07   0.870488E+07  -0.589974E+00   0.826454E+07   0.826450E+07   0.125218E+03
   0.118495E-03   0.869556E+07   0.869551E+07   0.112699E+08   0.112570E+08   0.869566E+07   0.869555E+07   0.869555E+07   0.870458E+07  -0.589952E+00   0.826430E+07   0.826425E+07   0.137983E+03
   0.130840E-03   0.869525E+07   0.869519E+07   0.111996E+08   0.111839E+08   0.869443E+07   0.869524E+07   0.869524E+07   0.870421E+07  -0.589926E+00   0.826401E+07   0.826395E+07   0.151981E+03
   0.144471E-03   0.869488E+07   0.869481E+07   0.111144E+08   0.110954E+08   0.869293E+07   0.869486E+07   0.869487E+07   0.870376E+07  -0.589894E+00   0.826366E+07   0.826358E+07   0.167308E+03
   0.159522E-03   0.869442E+07   0.869434E+07   0.110115E+08   0.109885E+08   0.869110E+07   0.869440E+07   0.869441E+07   0.870322E+07  -0.589855E+00   0.826323E+07   0.826313E+07   0.184060E+03
   0.176142E-03   0.869387E+07   0.869377E+07   0.108872E+08   0.108594E+08   0.868888E+07   0.869383E+07   0.869386E+07   0.870255E+07  -0.589808E+00   0.826270E+07   0.826259E+07   0.202326E+03
   0.194493E-03   0.869320E+07   0.869308E+07   0.107375E+08   0.107039E+08   0.868618E+07   0.869315E+07   0.869318E+07   0.870175E+07  -0.589751E+00   0.826206E+07   0.826192E+07   0.222187E+03
   0.214755E-03   0.869239E+07   0.869223E+07   0.105576E+08   0.105172E+08   0.868288E+07   0.869232E+07   0.869236E+07   0.870077E+07  -0.589681E+00   0.826128E+07   0.826112E+07   0.243709E+03
   0.237129E-03   0.869139E+07   0.869121E+07   0.103423E+08   0.102937E+08   0.867887E+07   0.869130E+07   0.869136E+07   0.869958E+07  -0.589597E+00   0.826033E+07   0.826013E+07   0.266928E+03
   0.261834E-03   0.869019E+07   0.868996E+07   0.100855E+08   0.100273E+08   0.867400E+07   0.869007E+07   0.869015E+07   0.869814E+07  -0.589494E+00   0.825918E+07   0.825894E+07   0.291845E+03
   0.289112E-03   0.868872E+07   0.868845E+07   0.978072E+07   0.971136E+07   0.866807E+07   0.868858E+07   0.868868E+07   0.869640E+07  -0.589370E+00   0.825778E+07   0.825749E+07   0.318408E+03
   0.319233E-03   0.868694E+07   0.868662E+07   0.942127E+07   0.933893E+07   0.866086E+07   0.868677E+07   0.868689E+07   0.869430E+07  -0.589221E+00   0.825608E+07   0.825573E+07   0.346490E+03
   0.352491E-03   0.868479E+07   0.868439E+07   0.900043E+07   0.890327E+07   0.865210E+07   0.868457E+07   0.868472E+07   0.869176E+07  -0.589040E+00   0.825402E+07   0.825360E+07   0.375867E+03
   0.389215E-03   0.868218E+07   0.868171E+07   0.851222E+07   0.839839E+07   0.864148E+07   0.868191E+07   0.868210E+07   0.868870E+07  -0.588822E+00   0.825152E+07   0.825102E+07   0.406190E+03
   0.429764E-03   0.867903E+07   0.867846E+07   0.795221E+07   0.782002E+07   0.862861E+07   0.867869E+07   0.867893E+07   0.868503E+07  -0.588561E+00   0.824850E+07   0.824791E+07   0.436950E+03
   0.474538E-03   0.867522E+07   0.867454E+07   0.731880E+07   0.716691E+07   0.861302E+07   0.867481E+07   0.867511E+07   0.868064E+07  -0.588248E+00   0.824484E+07   0.824415E+07   0.467450E+03
   0.523976E-03   0.867064E+07   0.866983E+07   0.661471E+07   0.644246E+07   0.859418E+07   0.867014E+07   0.867050E+07   0.867540E+07  -0.587874E+00   0.824044E+07   0.823962E+07   0.496774E+03
   0.578566E-03   0.866513E+07   0.866418E+07   0.584891E+07   0.565666E+07   0.857145E+07   0.866452E+07   0.866497E+07   0.866916E+07  -0.587430E+00   0.823513E+07   0.823418E+07   0.523767E+03
   0.638842E-03   0.865853E+07   0.865742E+07   0.503840E+07   0.482796E+07   0.854400E+07   0.865780E+07   0.865834E+07   0.866178E+07  -0.586905E+00   0.822877E+07   0.822767E+07   0.547042E+03
   0.705398E-03   0.865064E+07   0.864936E+07   0.420970E+07   0.398471E+07   0.851112E+07   0.864977E+07   0.865043E+07   0.865308E+07  -0.586286E+00   0.822116E+07   0.821990E+07   0.565027E+03
   0.778888E-03   0.864126E+07   0.863978E+07   0.339890E+07   0.316515E+07   0.847174E+07   0.864021E+07   0.864101E+07   0.864287E+07  -0.585560E+00   0.821208E+07   0.821067E+07   0.576058E+03
   0.860035E-03   0.863014E+07   0.862846E+07   0.264942E+07   0.241483E+07   0.842476E+07   0.862888E+07   0.862986E+07   0.863095E+07  -0.584716E+00   0.820130E+07   0.819973E+07   0.578561E+03
   0.949635E-03   0.861702E+07   0.861513E+07   0.200612E+07   0.178018E+07   0.836894E+07   0.861553E+07   0.861670E+07   0.861708E+07  -0.583736E+00   0.818856E+07   0.818686E+07   0.571299E+03
   0.104857E-02   0.860160E+07   0.859952E+07   0.150517E+07   0.129788E+07   0.830296E+07   0.859984E+07   0.860126E+07   0.860100E+07  -0.582607E+00   0.817359E+07   0.817176E+07   0.553690E+03
   0.115781E-02   0.858359E+07   0.858134E+07   0.116123E+07   0.981296E+06   0.822539E+07   0.858152E+07   0.858321E+07   0.858240E+07  -0.581309E+00   0.815608E+07   0.815417E+07   0.526112E+03
   0.127844E-02   0.856265E+07   0.856024E+07   0.956193E+06   0.809226E+06   0.813488E+07   0.856022E+07   0.856224E+07   0.856095E+07  -0.579822E+00   0.813573E+07   0.813376E+07   0.490099E+03
   0.141163E-02   0.853840E+07   0.853589E+07   0.838080E+06   0.725422E+06   0.803051E+07   0.853558E+07   0.853798E+07   0.853622E+07  -0.578121E+00   0.811220E+07   0.811021E+07   0.448278E+03
   0.155869E-02   0.851046E+07   0.850788E+07   0.738473E+06   0.657642E+06   0.791129E+07   0.850720E+07   0.851003E+07   0.850777E+07  -0.576175E+00   0.808513E+07   0.808315E+07   0.403942E+03
   0.172108E-02   0.847840E+07   0.847578E+07   0.608434E+06   0.555164E+06   0.777644E+07   0.847464E+07   0.847796E+07   0.847511E+07  -0.573952E+00   0.805413E+07   0.805218E+07   0.360326E+03
   0.190039E-02   0.844173E+07   0.843909E+07   0.452707E+06   0.422832E+06   0.762572E+07   0.843742E+07   0.844128E+07   0.843778E+07  -0.571416E+00   0.801875E+07   0.801684E+07   0.319893E+03
   0.209838E-02   0.839994E+07   0.839728E+07   0.324671E+06   0.313395E+06   0.745937E+07   0.839504E+07   0.839950E+07   0.839530E+07  -0.568530E+00   0.797850E+07   0.797663E+07   0.284042E+03
   0.231699E-02   0.835251E+07   0.834978E+07   0.265284E+06   0.264429E+06   0.727816E+07   0.834696E+07   0.835205E+07   0.834718E+07  -0.565261E+00   0.793287E+07   0.793102E+07   0.253379E+03
   0.255838E-02   0.829886E+07   0.829602E+07   0.244068E+06   0.213075E+06   0.708335E+07   0.829263E+07   0.829839E+07   0.829282E+07  -0.561572E+00   0.788132E+07   0.787948E+07   0.227979E+03
   0.282492E-02   0.823844E+07   0.823542E+07   0.200873E+06   0.173477E+06   0.687650E+07   0.823149E+07   0.823794E+07   0.823164E+07  -0.557425E+00   0.782332E+07   0.782148E+07   0.207044E+03
   0.311923E-02   0.817067E+07   0.816742E+07   0.147638E+06   0.141101E+06   0.665890E+07   0.816297E+07   0.817013E+07   0.816309E+07  -0.552778E+00   0.775833E+07   0.775648E+07   0.188623E+03
   0.344419E-02   0.809497E+07   0.809145E+07   0.128415E+06   0.114645E+06   0.643140E+07   0.808651E+07   0.809438E+07   0.808661E+07  -0.547595E+00   0.768582E+07   0.768397E+07   0.170871E+03
   0.380302E-02   0.801077E+07   0.800696E+07   0.107032E+06   0.930401E+05   0.619416E+07   0.800153E+07   0.801013E+07   0.800161E+07  -0.541837E+00   0.760524E+07   0.760340E+07   0.153636E+03
   0.419923E-02   0.791748E+07   0.791334E+07   0.774571E+05   0.754109E+05   0.594697E+07   0.790746E+07   0.791679E+07   0.790752E+07  -0.535463E+00   0.751605E+07   0.751423E+07   0.137759E+03
   0.463671E-02   0.781455E+07   0.780998E+07   0.727822E+05   0.610368E+05   0.568973E+07   0.780372E+07   0.781378E+07   0.780378E+07  -0.528435E+00   0.741769E+07   0.741588E+07   0.123872E+03
   0.511978E-02   0.770139E+07   0.769629E+07   0.528059E+05   0.493277E+05   0.542297E+07   0.768975E+07   0.770053E+07   0.768979E+07  -0.520715E+00   0.730962E+07   0.730782E+07   0.111942E+03
   0.565317E-02   0.757769E+07   0.757197E+07   0.445047E+05   0.397993E+05   0.513065E+07   0.756515E+07   0.757673E+07   0.756518E+07  -0.512276E+00   0.719150E+07   0.718970E+07   0.101006E+03
   0.624213E-02   0.744237E+07   0.743591E+07   0.327619E+05   0.320526E+05   0.483600E+07   0.742895E+07   0.744128E+07   0.742898E+07  -0.503051E+00   0.706235E+07   0.706057E+07   0.908602E+02
   0.689245E-02   0.729508E+07   0.728773E+07   0.272568E+05   0.257623E+05   0.452925E+07   0.728076E+07   0.729384E+07   0.728078E+07  -0.493015E+00   0.692182E+07   0.692004E+07   0.818905E+02
   0.761052E-02   0.713525E+07   0.712683E+07   0.227613E+05   0.206613E+05   0.421475E+07   0.712002E+07   0.713384E+07   0.712004E+07  -0.482130E+00   0.676936E+07   0.676759E+07   0.739883E+02
   0.840340E-02   0.696228E+07   0.695260E+07   0.169504E+05   0.165306E+05   0.390141E+07   0.694617E+07   0.696066E+07   0.694619E+07  -0.470357E+00   0.660444E+07   0.660268E+07   0.668108E+02
   0.927889E-02   0.677566E+07   0.676448E+07   0.134658E+05   0.131908E+05   0.359141E+07   0.675871E+07   0.677378E+07   0.675873E+07  -0.457663E+00   0.642657E+07   0.642481E+07   0.604521E+02
   0.102456E-01   0.657488E+07   0.656195E+07   0.103467E+05   0.104950E+05   0.328134E+07   0.655713E+07   0.657271E+07   0.655713E+07  -0.444012E+00   0.623527E+07   0.623350E+07   0.547975E+02
   0.113130E-01   0.635941E+07   0.634443E+07   0.815290E+04   0.832292E+04   0.297362E+07   0.634088E+07   0.635689E+07   0.634088E+07  -0.429368E+00   0.603001E+07   0.602824E+07   0.497651E+02
   0.124916E-01   0.612875E+07   0.611140E+07   0.661666E+04   0.657640E+04   0.267428E+07   0.610949E+07   0.612583E+07   0.610950E+07  -0.413699E+00   0.581034E+07   0.580856E+07   0.453024E+02
   0.137930E-01   0.588252E+07   0.586247E+07   0.563996E+04   0.517524E+04   0.238616E+07   0.586262E+07   0.587916E+07   0.586262E+07  -0.396982E+00   0.557591E+07   0.557412E+07   0.413362E+02
   0.152300E-01   0.562053E+07   0.559743E+07   0.386710E+04   0.405401E+04   0.210857E+07   0.560004E+07   0.561665E+07   0.560005E+07  -0.379202E+00   0.532653E+07   0.532472E+07   0.377991E+02
   0.168167E-01   0.534902E+07   0.532254E+07   0.333477E+04   0.316310E+04   0.184767E+07   0.532802E+07   0.534458E+07   0.532802E+07  -0.360782E+00   0.506812E+07   0.506629E+07   0.346500E+02
   0.185687E-01   0.505744E+07   0.502730E+07   0.255634E+04   0.245183E+04   0.160130E+07   0.503604E+07   0.505238E+07   0.503604E+07  -0.341010E+00   0.479070E+07   0.478884E+07   0.317691E+02
   0.205033E-01   0.475205E+07   0.471810E+07   0.191665E+04   0.188865E+04   0.137257E+07   0.473038E+07   0.474635E+07   0.473038E+07  -0.320313E+00   0.450022E+07   0.449834E+07   0.291081E+02
   0.226393E-01   0.443041E+07   0.439263E+07   0.164535E+04   0.144349E+04   0.116190E+07   0.440862E+07   0.442407E+07   0.440862E+07  -0.298525E+00   0.419439E+07   0.419250E+07   0.265814E+02
   0.249980E-01   0.410397E+07   0.406259E+07   0.119230E+04   0.109614E+04   0.972703E+06   0.408223E+07   0.409702E+07   0.408223E+07  -0.276424E+00   0.388410E+07   0.388220E+07   0.241409E+02
   0.276023E-01   0.377654E+07   0.373211E+07   0.875359E+03   0.826877E+03   0.805157E+06   0.375504E+07   0.376908E+07   0.375504E+07  -0.254269E+00   0.357301E+07   0.357112E+07   0.217180E+02
   0.304780E-01   0.344954E+07   0.340304E+07   0.642220E+03   0.619154E+03   0.658603E+06   0.342856E+07   0.344173E+07   0.342856E+07  -0.232161E+00   0.326253E+07   0.326069E+07   0.192478E+02
   0.336533E-01   0.313181E+07   0.308465E+07   0.487555E+03   0.460830E+03   0.533100E+06   0.311163E+07   0.312389E+07   0.311163E+07  -0.210700E+00   0.296111E+07   0.295934E+07   0.167027E+02
   0.371593E-01   0.283478E+07   0.278879E+07   0.373800E+03   0.341988E+03   0.428334E+06   0.281570E+07   0.282706E+07   0.281570E+07  -0.190662E+00   0.267963E+07   0.267798E+07   0.140924E+02
   0.410307E-01   0.256579E+07   0.252308E+07   0.269203E+03   0.253818E+03   0.342702E+06   0.254813E+07   0.255862E+07   0.254813E+07  -0.172543E+00   0.242508E+07   0.242360E+07   0.114633E+02
   0.451338E-01   0.233852E+07   0.230092E+07   0.199311E+03   0.191177E+03   0.276378E+06   0.232247E+07   0.233221E+07   0.232247E+07  -0.157264E+00   0.221039E+07   0.220912E+07   0.901028E+01
   0.492368E-01   0.216148E+07   0.212985E+07   0.154819E+03   0.148500E+03   0.227755E+06   0.214704E+07   0.215617E+07   0.214704E+07  -0.145384E+00   0.204347E+07   0.204239E+07   0.694987E+01
   0.533399E-01   0.201901E+07   0.199335E+07   0.123251E+03   0.118220E+03   0.190942E+06   0.200607E+07   0.201471E+07   0.200607E+07  -0.135839E+00   0.190933E+07   0.190844E+07   0.530566E+01
   0.574430E-01   0.189928E+07   0.187886E+07   0.999965E+02   0.959143E+02   0.162171E+06   0.188764E+07   0.189585E+07   0.188764E+07  -0.127820E+00   0.179664E+07   0.179591E+07   0.407398E+01
   0.615460E-01   0.179329E+07   0.177689E+07   0.822642E+02   0.789056E+02   0.138966E+06   0.178272E+07   0.179054E+07   0.178272E+07  -0.120715E+00   0.169680E+07   0.169617E+07   0.322064E+01
   0.656491E-01   0.169312E+07   0.167928E+07   0.682705E+02   0.654831E+02   0.119617E+06   0.168335E+07   0.169079E+07   0.168335E+07  -0.113986E+00   0.160224E+07   0.160169E+07   0.268477E+01
   0.697522E-01   0.159375E+07   0.158104E+07   0.569242E+02   0.545999E+02   0.103092E+06   0.158457E+07   0.159161E+07   0.158457E+07  -0.107297E+00   0.150824E+07   0.150771E+07   0.239060E+01
   0.738552E-01   0.149602E+07   0.148325E+07   0.476539E+02   0.457081E+02   0.889207E+05   0.148722E+07   0.149388E+07   0.148722E+07  -0.100706E+00   0.141561E+07   0.141508E+07   0.226095E+01
   0.779583E-01   0.139701E+07   0.138340E+07   0.399285E+02   0.382981E+02   0.765708E+05   0.138848E+07   0.139473E+07   0.138848E+07  -0.940196E-01   0.132165E+07   0.132110E+07   0.221670E+01
   0.820614E-01   0.130150E+07   0.128671E+07   0.335606E+02   0.321902E+02   0.659921E+05   0.129318E+07   0.129902E+07   0.129318E+07  -0.875660E-01   0.123095E+07   0.123038E+07   0.219853E+01
   0.861644E-01   0.121223E+07   0.119634E+07   0.283426E+02   0.271853E+02   0.570311E+05   0.120411E+07   0.120956E+07   0.120411E+07  -0.815346E-01   0.114619E+07   0.114560E+07   0.216190E+01
   0.912856E-01   0.111305E+07   0.109641E+07   0.231772E+02   0.222308E+02   0.478805E+05   0.110523E+07   0.111026E+07   0.110523E+07  -0.748394E-01   0.105209E+07   0.105150E+07   0.205316E+01
   0.964067E-01   0.103051E+07   0.101411E+07   0.192353E+02   0.184498E+02   0.406990E+05   0.102309E+07   0.102776E+07   0.102309E+07  -0.692772E-01   0.973904E+06   0.973339E+06   0.186562E+01
   0.101528E+00   0.965603E+06   0.950427E+06   0.162514E+02   0.155878E+02   0.351433E+05   0.958662E+06   0.963055E+06   0.958662E+06  -0.649146E-01   0.912581E+06   0.912064E+06   0.161955E+01
   0.106649E+00   0.915816E+06   0.902570E+06   0.139715E+02   0.134010E+02   0.308231E+05   0.909412E+06   0.913592E+06   0.909412E+06  -0.615798E-01   0.865699E+06   0.865246E+06   0.135152E+01
   0.111770E+00   0.876236E+06   0.865177E+06   0.121746E+02   0.116773E+02   0.273567E+05   0.870369E+06   0.874379E+06   0.870369E+06  -0.589360E-01   0.828529E+06   0.828143E+06   0.110016E+01
   0.116891E+00   0.841510E+06   0.832442E+06   0.106933E+02   0.102566E+02   0.244392E+05   0.836127E+06   0.839988E+06   0.836127E+06  -0.566173E-01   0.795931E+06   0.795602E+06   0.895324E+00
   0.122012E+00   0.807416E+06   0.799802E+06   0.941897E+01   0.903427E+01   0.218676E+05   0.802425E+06   0.806138E+06   0.802425E+06  -0.543352E-01   0.763848E+06   0.763560E+06   0.752202E+00
   0.127134E+00   0.771453E+06   0.764597E+06   0.828965E+01   0.795107E+01   0.195281E+05   0.766747E+06   0.770302E+06   0.766747E+06  -0.519194E-01   0.729888E+06   0.729620E+06   0.670317E+00
   0.132255E+00   0.732932E+06   0.726179E+06   0.727705E+01   0.697982E+01   0.173769E+05   0.728416E+06   0.731798E+06   0.728416E+06  -0.493238E-01   0.693403E+06   0.693139E+06   0.636740E+00
   0.137376E+00   0.692677E+06   0.685567E+06   0.637286E+01   0.611257E+01   0.154114E+05   0.688283E+06   0.691483E+06   0.688283E+06  -0.466062E-01   0.655206E+06   0.654933E+06   0.631724E+00
   0.142497E+00   0.652484E+06   0.644828E+06   0.557778E+01   0.534997E+01   0.136489E+05   0.648180E+06   0.651198E+06   0.648180E+06  -0.438907E-01   0.617037E+06   0.616753E+06   0.634837E+00
   0.147618E+00   0.614607E+06   0.606488E+06   0.489442E+01   0.469451E+01   0.121100E+05   0.610398E+06   0.613244E+06   0.610398E+06  -0.413324E-01   0.581076E+06   0.580784E+06   0.629953E+00
   0.152739E+00   0.581153E+06   0.572848E+06   0.432198E+01   0.414545E+01   0.108049E+05   0.577064E+06   0.579758E+06   0.577064E+06  -0.390752E-01   0.549348E+06   0.549056E+06   0.608052E+00
   0.157860E+00   0.553276E+06   0.545153E+06   0.385172E+01   0.369440E+01   0.972331E+04   0.549345E+06   0.551912E+06   0.549345E+06  -0.371983E-01   0.522962E+06   0.522681E+06   0.567596E+00
   0.162982E+00   0.530776E+06   0.523174E+06   0.346672E+01   0.332512E+01   0.883167E+04   0.527035E+06   0.529500E+06   0.527035E+06  -0.356875E-01   0.501723E+06   0.501460E+06   0.513041E+00
   0.168103E+00   0.512477E+06   0.505620E+06   0.314687E+01   0.301834E+01   0.808590E+04   0.508943E+06   0.511326E+06   0.508943E+06  -0.344625E-01   0.484499E+06   0.484260E+06   0.452350E+00
   0.173224E+00   0.496881E+06   0.490836E+06   0.287397E+01   0.275658E+01   0.744466E+04   0.493553E+06   0.495866E+06   0.493553E+06  -0.334204E-01   0.469847E+06   0.469632E+06   0.394207E+00
   0.178345E+00   0.482459E+06   0.477138E+06   0.263311E+01   0.252556E+01   0.687300E+04   0.479318E+06   0.481565E+06   0.479318E+06  -0.324564E-01   0.456293E+06   0.456100E+06   0.345575E+00
   0.183466E+00   0.467810E+06   0.463013E+06   0.241293E+01   0.231437E+01   0.634394E+04   0.464823E+06   0.467004E+06   0.464823E+06  -0.314750E-01   0.442494E+06   0.442315E+06   0.310203E+00
   0.188587E+00   0.452032E+06   0.447514E+06   0.220673E+01   0.211659E+01   0.584165E+04   0.449164E+06   0.451273E+06   0.449164E+06  -0.304146E-01   0.427588E+06   0.427417E+06   0.288325E+00
   0.193708E+00   0.435032E+06   0.430567E+06   0.201282E+01   0.193060E+01   0.536298E+04   0.432252E+06   0.434282E+06   0.432252E+06  -0.292694E-01   0.411489E+06   0.411320E+06   0.277329E+00
   0.198830E+00   0.417370E+06   0.412803E+06   0.183267E+01   0.175781E+01   0.491311E+04   0.414654E+06   0.416603E+06   0.414654E+06  -0.280778E-01   0.394739E+06   0.394568E+06   0.272924E+00
   0.203951E+00   0.399838E+06   0.395110E+06   0.166835E+01   0.160020E+01   0.449878E+04   0.397176E+06   0.399044E+06   0.397176E+06  -0.268943E-01   0.378103E+06   0.377929E+06   0.270456E+00
   0.209072E+00   0.383215E+06   0.378358E+06   0.152137E+01   0.145923E+01   0.412527E+04   0.380608E+06   0.382399E+06   0.380608E+06  -0.257724E-01   0.362332E+06   0.362157E+06   0.266087E+00
   0.214193E+00   0.368158E+06   0.363272E+06   0.139239E+01   0.133551E+01   0.379551E+04   0.365616E+06   0.367338E+06   0.365616E+06  -0.247573E-01   0.348062E+06   0.347888E+06   0.257557E+00
   0.219314E+00   0.355058E+06   0.350273E+06   0.128081E+01   0.122849E+01   0.350893E+04   0.352594E+06   0.354254E+06   0.352594E+06  -0.238755E-01   0.335665E+06   0.335496E+06   0.244385E+00
   0.224435E+00   0.343905E+06   0.339340E+06   0.118465E+01   0.113626E+01   0.326099E+04   0.341529E+06   0.343139E+06   0.341529E+06  -0.231263E-01   0.325132E+06   0.324971E+06   0.227586E+00
   0.229556E+00   0.334338E+06   0.330073E+06   0.110098E+01   0.105601E+01   0.304448E+04   0.332057E+06   0.333622E+06   0.332057E+06  -0.224849E-01   0.316114E+06   0.315963E+06   0.209091E+00
   0.234678E+00   0.325809E+06   0.321868E+06   0.102670E+01   0.984759E+00   0.285139E+04   0.323621E+06   0.325147E+06   0.323621E+06  -0.219136E-01   0.308082E+06   0.307941E+06   0.191072E+00
   0.239799E+00   0.317732E+06   0.314087E+06   0.959040E+00   0.919865E+00   0.267452E+04   0.315631E+06   0.317120E+06   0.315631E+06  -0.213726E-01   0.300475E+06   0.300343E+06   0.175350E+00
   0.244920E+00   0.309611E+06   0.306192E+06   0.895921E+00   0.859324E+00   0.250842E+04   0.307585E+06   0.309037E+06   0.307586E+06  -0.208278E-01   0.292815E+06   0.292690E+06   0.162998E+00
   0.250041E+00   0.301155E+06   0.297876E+06   0.836140E+00   0.801985E+00   0.234991E+04   0.299192E+06   0.300604E+06   0.299192E+06  -0.202594E-01   0.284825E+06   0.284704E+06   0.154215E+00
   0.255162E+00   0.292330E+06   0.289112E+06   0.779366E+00   0.747531E+00   0.219830E+04   0.290418E+06   0.291790E+06   0.290418E+06  -0.196653E-01   0.276473E+06   0.276354E+06   0.148438E+00
   0.260283E+00   0.283303E+06   0.280087E+06   0.725824E+00   0.696175E+00   0.205439E+04   0.281434E+06   0.282763E+06   0.281434E+06  -0.190570E-01   0.267921E+06   0.267802E+06   0.144620E+00
   0.265404E+00   0.274339E+06   0.271100E+06   0.675938E+00   0.648327E+00   0.191954E+04   0.272508E+06   0.273795E+06   0.272508E+06  -0.184525E-01   0.259424E+06   0.259306E+06   0.141559E+00
   0.270526E+00   0.265725E+06   0.262471E+06   0.630111E+00   0.604372E+00   0.179512E+04   0.263932E+06   0.265179E+06   0.263932E+06  -0.178718E-01   0.251260E+06   0.251143E+06   0.138218E+00
   0.275647E+00   0.257714E+06   0.254475E+06   0.588582E+00   0.564539E+00   0.168192E+04   0.255960E+06   0.257170E+06   0.255960E+06  -0.173321E-01   0.243672E+06   0.243556E+06   0.133931E+00
   0.280768E+00   0.250453E+06   0.247273E+06   0.551308E+00   0.528788E+00   0.158003E+04   0.248743E+06   0.249919E+06   0.248743E+06  -0.168433E-01   0.236801E+06   0.236688E+06   0.128487E+00
   0.285889E+00   0.243947E+06   0.240868E+06   0.517929E+00   0.496772E+00   0.148854E+04   0.242285E+06   0.243430E+06   0.242285E+06  -0.164060E-01   0.230653E+06   0.230544E+06   0.122081E+00
   0.291010E+00   0.238081E+06   0.235131E+06   0.487859E+00   0.467931E+00   0.140588E+04   0.236467E+06   0.237585E+06   0.236467E+06  -0.160121E-01   0.225115E+06   0.225009E+06   0.115184E+00
   0.296131E+00   0.232670E+06   0.229861E+06   0.460449E+00   0.441640E+00   0.133033E+04   0.231105E+06   0.232198E+06   0.231105E+06  -0.156490E-01   0.220010E+06   0.219909E+06   0.108369E+00
   0.301252E+00   0.227515E+06   0.224840E+06   0.435093E+00   0.417320E+00   0.126019E+04   0.225996E+06   0.227065E+06   0.225996E+06  -0.153031E-01   0.215146E+06   0.215049E+06   0.102149E+00
   0.306374E+00   0.222438E+06   0.219874E+06   0.411299E+00   0.394498E+00   0.119413E+04   0.220962E+06   0.222008E+06   0.220962E+06  -0.149622E-01   0.210354E+06   0.210260E+06   0.968577E-01
   0.311495E+00   0.217322E+06   0.214839E+06   0.388741E+00   0.372861E+00   0.113124E+04   0.215883E+06   0.216905E+06   0.215883E+06  -0.146183E-01   0.205519E+06   0.205428E+06   0.925993E-01
   0.316616E+00   0.212129E+06   0.209699E+06   0.367274E+00   0.352271E+00   0.107114E+04   0.210724E+06   0.211721E+06   0.210724E+06  -0.142689E-01   0.200607E+06   0.200518E+06   0.892659E-01
   0.321737E+00   0.206903E+06   0.204502E+06   0.346902E+00   0.332732E+00   0.101389E+04   0.205527E+06   0.206500E+06   0.205527E+06  -0.139170E-01   0.195660E+06   0.195572E+06   0.865995E-01
   0.326858E+00   0.201733E+06   0.199350E+06   0.327706E+00   0.314319E+00   0.959748E+03   0.200384E+06   0.201333E+06   0.200384E+06  -0.135688E-01   0.190764E+06   0.190678E+06   0.842784E-01
   0.331979E+00   0.196721E+06   0.194356E+06   0.309768E+00   0.297115E+00   0.909022E+03   0.195398E+06   0.196324E+06   0.195398E+06  -0.132312E-01   0.186018E+06   0.185933E+06   0.820027E-01
   0.337100E+00   0.191953E+06   0.189614E+06   0.293137E+00   0.281163E+00   0.861871E+03   0.190657E+06   0.191560E+06   0.190657E+06  -0.129101E-01   0.181505E+06   0.181420E+06   0.795597E-01
   0.342222E+00   0.187483E+06   0.185182E+06   0.277801E+00   0.266454E+00   0.818293E+03   0.186214E+06   0.187096E+06   0.186214E+06  -0.126093E-01   0.177275E+06   0.177193E+06   0.768557E-01
   0.347343E+00   0.183322E+06   0.181075E+06   0.263686E+00   0.252915E+00   0.778100E+03   0.182082E+06   0.182945E+06   0.182082E+06  -0.123295E-01   0.173342E+06   0.173261E+06   0.739130E-01
   0.352464E+00   0.179442E+06   0.177259E+06   0.250663E+00   0.240424E+00   0.740943E+03   0.178231E+06   0.179076E+06   0.178231E+06  -0.120687E-01   0.169675E+06   0.169597E+06   0.708399E-01
   0.357585E+00   0.175785E+06   0.173670E+06   0.238577E+00   0.228832E+00   0.706385E+03   0.174603E+06   0.175430E+06   0.174603E+06  -0.118230E-01   0.166221E+06   0.166145E+06   0.677866E-01
   0.362706E+00   0.172282E+06   0.170234E+06   0.227272E+00   0.217988E+00   0.673994E+03   0.171127E+06   0.171938E+06   0.171127E+06  -0.115877E-01   0.162912E+06   0.162838E+06   0.649004E-01
   0.367827E+00   0.168868E+06   0.166881E+06   0.216613E+00   0.207765E+00   0.643387E+03   0.167740E+06   0.168535E+06   0.167740E+06  -0.113583E-01   0.159687E+06   0.159615E+06   0.622887E-01
   0.372948E+00   0.165497E+06   0.163561E+06   0.206501E+00   0.198066E+00   0.614273E+03   0.164393E+06   0.165172E+06   0.164393E+06  -0.111317E-01   0.156501E+06   0.156431E+06   0.599988E-01
   0.378070E+00   0.162144E+06   0.160248E+06   0.196874E+00   0.188832E+00   0.586488E+03   0.161062E+06   0.161826E+06   0.161062E+06  -0.109062E-01   0.153331E+06   0.153262E+06   0.580168E-01
   0.383191E+00   0.158813E+06   0.156947E+06   0.187708E+00   0.180040E+00   0.559966E+03   0.157752E+06   0.158500E+06   0.157752E+06  -0.106820E-01   0.150179E+06   0.150112E+06   0.562815E-01
   0.388312E+00   0.155532E+06   0.153691E+06   0.179010E+00   0.171697E+00   0.534744E+03   0.154491E+06   0.155223E+06   0.154491E+06  -0.104611E-01   0.147074E+06   0.147008E+06   0.547075E-01
   0.393433E+00   0.152334E+06   0.150517E+06   0.170791E+00   0.163814E+00   0.510867E+03   0.151311E+06   0.152029E+06   0.151311E+06  -0.102459E-01   0.144048E+06   0.143982E+06   0.532069E-01
   0.398554E+00   0.149246E+06   0.147454E+06   0.163054E+00   0.156393E+00   0.488345E+03   0.148242E+06   0.148945E+06   0.148242E+06  -0.100380E-01   0.141126E+06   0.141061E+06   0.517095E-01
   0.403675E+00   0.146287E+06   0.144523E+06   0.155790E+00   0.149426E+00   0.467171E+03   0.145302E+06   0.145990E+06   0.145302E+06  -0.983892E-02   0.138327E+06   0.138263E+06   0.501753E-01
   0.408796E+00   0.143465E+06   0.141734E+06   0.148981E+00   0.142895E+00   0.447287E+03   0.142499E+06   0.143175E+06   0.142499E+06  -0.964914E-02   0.135659E+06   0.135596E+06   0.485983E-01
   0.413918E+00   0.140779E+06   0.139084E+06   0.142597E+00   0.136772E+00   0.428613E+03   0.139831E+06   0.140494E+06   0.139831E+06  -0.946851E-02   0.133119E+06   0.133058E+06   0.469996E-01
   0.419039E+00   0.138210E+06   0.136553E+06   0.136595E+00   0.131015E+00   0.411035E+03   0.137281E+06   0.137932E+06   0.137281E+06  -0.929579E-02   0.130691E+06   0.130631E+06   0.454167E-01
   0.424160E+00   0.135732E+06   0.134114E+06   0.130928E+00   0.125580E+00   0.394406E+03   0.134821E+06   0.135461E+06   0.134821E+06  -0.912926E-02   0.128349E+06   0.128291E+06   0.438901E-01
   0.429281E+00   0.133324E+06   0.131741E+06   0.125556E+00   0.120427E+00   0.378628E+03   0.132430E+06   0.133058E+06   0.132430E+06  -0.896733E-02   0.126073E+06   0.126016E+06   0.424534E-01
   0.434402E+00   0.130967E+06   0.129417E+06   0.120446E+00   0.115526E+00   0.363592E+03   0.130089E+06   0.130706E+06   0.130089E+06  -0.880884E-02   0.123845E+06   0.123789E+06   0.411261E-01
   0.439523E+00   0.128650E+06   0.127130E+06   0.115575E+00   0.110853E+00   0.349232E+03   0.127789E+06   0.128395E+06   0.127789E+06  -0.865305E-02   0.121654E+06   0.121599E+06   0.399103E-01
   0.444644E+00   0.126369E+06   0.124874E+06   0.110925E+00   0.106394E+00   0.335509E+03   0.125523E+06   0.126118E+06   0.125523E+06  -0.849961E-02   0.119497E+06   0.119443E+06   0.387929E-01
   0.449766E+00   0.124127E+06   0.122655E+06   0.106490E+00   0.102140E+00   0.322391E+03   0.123295E+06   0.123880E+06   0.123295E+06  -0.834879E-02   0.117377E+06   0.117323E+06   0.377514E-01
   0.454887E+00   0.121934E+06   0.120484E+06   0.102265E+00   0.980879E-01   0.309888E+03   0.121116E+06   0.121691E+06   0.121116E+06  -0.820124E-02   0.115302E+06   0.115250E+06   0.367602E-01
   0.460008E+00   0.119801E+06   0.118371E+06   0.982510E-01   0.942375E-01   0.297989E+03   0.118997E+06   0.119561E+06   0.118997E+06  -0.805772E-02   0.113285E+06   0.113233E+06   0.357969E-01
   0.465129E+00   0.117735E+06   0.116327E+06   0.944417E-01   0.905838E-01   0.286682E+03   0.116944E+06   0.117499E+06   0.116944E+06  -0.791872E-02   0.111331E+06   0.111280E+06   0.348459E-01
   0.470250E+00   0.115739E+06   0.114353E+06   0.908288E-01   0.871184E-01   0.275949E+03   0.114961E+06   0.115506E+06   0.114961E+06  -0.778442E-02   0.109442E+06   0.109392E+06   0.339004E-01
   0.475371E+00   0.113810E+06   0.112448E+06   0.874009E-01   0.838306E-01   0.265748E+03   0.113044E+06   0.113581E+06   0.113044E+06  -0.765467E-02   0.107618E+06   0.107569E+06   0.329620E-01
   0.480492E+00   0.111944E+06   0.110606E+06   0.841458E-01   0.807084E-01   0.256055E+03   0.111192E+06   0.111720E+06   0.111192E+06  -0.752922E-02   0.105855E+06   0.105806E+06   0.320388E-01
   0.485614E+00   0.110137E+06   0.108823E+06   0.810504E-01   0.777396E-01   0.246827E+03   0.109397E+06   0.109916E+06   0.109397E+06  -0.740768E-02   0.104146E+06   0.104098E+06   0.311415E-01
   0.490735E+00   0.108379E+06   0.107089E+06   0.781012E-01   0.749108E-01   0.238024E+03   0.107651E+06   0.108162E+06   0.107651E+06  -0.728948E-02   0.102484E+06   0.102437E+06   0.302800E-01
   0.495856E+00   0.106662E+06   0.105394E+06   0.752847E-01   0.722093E-01   0.229611E+03   0.105946E+06   0.106449E+06   0.105946E+06  -0.717402E-02   0.100861E+06   0.100815E+06   0.294609E-01
   0.500977E+00   0.104979E+06   0.103733E+06   0.725899E-01   0.696246E-01   0.221550E+03   0.104275E+06   0.104770E+06   0.104275E+06  -0.706084E-02   0.992695E+05   0.992243E+05   0.286863E-01
   0.506098E+00   0.103328E+06   0.102102E+06   0.700099E-01   0.671500E-01   0.213824E+03   0.102635E+06   0.103122E+06   0.102635E+06  -0.694982E-02   0.977087E+05   0.976642E+05   0.279543E-01
   0.511219E+00   0.101711E+06   0.100503E+06   0.675402E-01   0.647812E-01   0.206420E+03   0.101029E+06   0.101508E+06   0.101029E+06  -0.684104E-02   0.961793E+05   0.961355E+05   0.272596E-01
   0.516340E+00   0.100129E+06   0.989377E+05   0.651768E-01   0.625143E-01   0.199328E+03   0.994566E+05   0.999288E+05   0.994566E+05  -0.673458E-02   0.946826E+05   0.946395E+05   0.265948E-01
   0.521462E+00   0.985820E+05   0.974079E+05   0.629156E-01   0.603455E-01   0.192537E+03   0.979200E+05   0.983849E+05   0.979200E+05  -0.663053E-02   0.932198E+05   0.931773E+05   0.259525E-01
   0.526583E+00   0.970729E+05   0.959156E+05   0.607532E-01   0.582714E-01   0.186038E+03   0.964208E+05   0.968786E+05   0.964208E+05  -0.652902E-02   0.917926E+05   0.917507E+05   0.253269E-01
   0.531704E+00   0.956037E+05   0.944631E+05   0.586865E-01   0.562892E-01   0.179819E+03   0.949613E+05   0.954122E+05   0.949613E+05  -0.643019E-02   0.904032E+05   0.903618E+05   0.247145E-01
   0.536825E+00   0.941748E+05   0.930512E+05   0.567117E-01   0.543950E-01   0.173871E+03   0.935420E+05   0.939861E+05   0.935420E+05  -0.633408E-02   0.890520E+05   0.890113E+05   0.241144E-01
   0.541946E+00   0.927842E+05   0.916776E+05   0.548233E-01   0.525838E-01   0.168178E+03   0.921608E+05   0.925984E+05   0.921608E+05  -0.624056E-02   0.877371E+05   0.876970E+05   0.235273E-01
   0.547067E+00   0.914288E+05   0.903391E+05   0.530158E-01   0.508501E-01   0.162724E+03   0.908146E+05   0.912458E+05   0.908146E+05  -0.614940E-02   0.864555E+05   0.864161E+05   0.229554E-01
   0.559946E+00   0.881614E+05   0.871127E+05   0.487969E-01   0.468035E-01   0.149981E+03   0.875695E+05   0.879854E+05   0.875695E+05  -0.592966E-02   0.833662E+05   0.833282E+05   0.215993E-01
   0.593872E+00   0.803327E+05   0.793759E+05   0.395285E-01   0.379138E-01   0.121884E+03   0.797931E+05   0.801720E+05   0.797931E+05  -0.540309E-02   0.759631E+05   0.759284E+05   0.185840E-01
   0.629853E+00   0.731805E+05   0.723097E+05   0.320125E-01   0.307048E-01   0.989973E+02   0.726889E+05   0.730342E+05   0.726889E+05  -0.492204E-02   0.692000E+05   0.691684E+05   0.159579E-01
   0.879031E+00   0.427788E+05   0.422699E+05   0.960773E-02   0.921525E-02   0.300689E+02   0.424914E+05   0.426934E+05   0.424914E+05  -0.287725E-02   0.404519E+05   0.404334E+05   0.671404E-02
   0.122679E+01   0.247049E+05   0.244111E+05   0.284868E-02   0.273231E-02   0.897372E+01   0.245389E+05   0.246555E+05   0.245389E+05  -0.166162E-02   0.233611E+05   0.233503E+05   0.280364E-02
   0.171212E+01   0.141187E+05   0.139507E+05   0.835842E-03   0.801697E-03   0.264208E+01   0.140238E+05   0.140905E+05   0.140238E+05  -0.949604E-03   0.133507E+05   0.133444E+05   0.116907E-02
   0.238945E+01   0.799641E+04   0.790123E+04   0.243048E-03   0.233120E-03   0.769754E+00   0.794265E+04   0.798043E+04   0.794265E+04  -0.537827E-03   0.756145E+04   0.755776E+04   0.491259E-03
