#          k/h    CDM            baryon         photon         nu             mass_nu        total          no_nu          total_de       Weyl           v_CDM          v_b            v_b-v_c     
   0.994668E-05   0.293731E+07   0.293731E+07   0.391616E+07   0.391615E+07   0.294641E+07   0.293736E+07   0.293731E+07   0.294677E+07  -0.600186E+00   0.292906E+07   0.292906E+07   0.668044E+01
   0.109829E-04   0.293731E+07   0.293731E+07   0.391610E+07   0.391609E+07   0.294641E+07   0.293736E+07   0.293731E+07   0.294677E+07  -0.600186E+00   0.292906E+07   0.292906E+07   0.737636E+01
   0.121272E-04   0.293731E+07   0.293731E+07   0.391603E+07   0.391602E+07   0.294640E+07   0.293735E+07   0.293731E+07   0.294677E+07  -0.600186E+00   0.292906E+07   0.292906E+07   0.814476E+01
   0.133906E-04   0.293731E+07   0.293731E+07   0.391594E+07   0.391593E+07   0.294639E+07   0.293735E+07   0.293731E+07   0.294677E+07  -0.600186E+00   0.292906E+07   0.292906E+07   0.899318E+01
   0.147857E-04   0.293731E+07   0.293731E+07   0.391584E+07   0.391583E+07   0.294639E+07   0.293735E+07   0.293731E+07   0.294677E+07  -0.600186E+00   0.292906E+07   0.292906E+07   0.992995E+01
   0.163261E-04   0.293731E+07   0.293731E+07   0.391571E+07   0.391570E+07   0.294638E+07   0.293735E+07   0.293731E+07   0.294677E+07  -0.600185E+00   0.292906E+07   0.292906E+07   0.109643E+02
   0.180270E-04   0.293731E+07   0.293731E+07   0.391555E+07   0.391554E+07   0.294637E+07   0.293735E+07   0.293731E+07   0.294676E+07  -0.600185E+00   0.292906E+07   0.292906E+07   0.121062E+02
   0.199051E-04   0.293731E+07   0.293730E+07   0.391536E+07   0.391534E+07   0.294635E+07   0.293735E+07   0.293731E+07   0.294676E+07  -0.600184E+00   0.292905E+07   0.292905E+07   0.133671E+02
   0.219788E-04   0.293730E+07   0.293730E+07   0.391513E+07   0.391511E+07   0.294634E+07   0.293735E+07   0.293730E+07   0.294676E+07  -0.600184E+00   0.292905E+07   0.292905E+07   0.147592E+02
   0.242687E-04   0.293730E+07   0.293730E+07   0.391485E+07   0.391482E+07   0.294632E+07   0.293734E+07   0.293730E+07   0.294676E+07  -0.600183E+00   0.292905E+07   0.292905E+07   0.162961E+02
   0.267970E-04   0.293730E+07   0.293730E+07   0.391450E+07   0.391447E+07   0.294629E+07   0.293734E+07   0.293730E+07   0.294675E+07  -0.600182E+00   0.292905E+07   0.292905E+07   0.179929E+02
   0.295888E-04   0.293729E+07   0.293729E+07   0.391408E+07   0.391404E+07   0.294626E+07   0.293734E+07   0.293729E+07   0.294675E+07  -0.600181E+00   0.292904E+07   0.292904E+07   0.198662E+02
   0.326714E-04   0.293729E+07   0.293729E+07   0.391357E+07   0.391352E+07   0.294623E+07   0.293733E+07   0.293729E+07   0.294674E+07  -0.600180E+00   0.292904E+07   0.292904E+07   0.219342E+02
   0.360752E-04   0.293728E+07   0.293728E+07   0.391295E+07   0.391289E+07   0.294618E+07   0.293732E+07   0.293728E+07   0.294673E+07  -0.600178E+00   0.292903E+07   0.292903E+07   0.242170E+02
   0.398336E-04   0.293728E+07   0.293728E+07   0.391219E+07   0.391211E+07   0.294613E+07   0.293732E+07   0.293728E+07   0.294672E+07  -0.600176E+00   0.292903E+07   0.292902E+07   0.267368E+02
   0.439836E-04   0.293727E+07   0.293727E+07   0.391126E+07   0.391117E+07   0.294606E+07   0.293731E+07   0.293727E+07   0.294671E+07  -0.600174E+00   0.292902E+07   0.292901E+07   0.295180E+02
   0.485659E-04   0.293726E+07   0.293726E+07   0.391013E+07   0.391002E+07   0.294598E+07   0.293730E+07   0.293726E+07   0.294670E+07  -0.600171E+00   0.292901E+07   0.292900E+07   0.325876E+02
   0.536256E-04   0.293724E+07   0.293724E+07   0.390875E+07   0.390861E+07   0.294588E+07   0.293728E+07   0.293724E+07   0.294668E+07  -0.600167E+00   0.292899E+07   0.292899E+07   0.359749E+02
   0.592125E-04   0.293723E+07   0.293723E+07   0.390707E+07   0.390690E+07   0.294576E+07   0.293727E+07   0.293723E+07   0.294666E+07  -0.600163E+00   0.292898E+07   0.292897E+07   0.397125E+02
   0.653814E-04   0.293721E+07   0.293721E+07   0.390502E+07   0.390482E+07   0.294562E+07   0.293725E+07   0.293721E+07   0.294664E+07  -0.600158E+00   0.292896E+07   0.292895E+07   0.438359E+02
   0.721930E-04   0.293719E+07   0.293718E+07   0.390253E+07   0.390228E+07   0.294544E+07   0.293722E+07   0.293718E+07   0.294661E+07  -0.600151E+00   0.292893E+07   0.292893E+07   0.483840E+02
   0.797142E-04   0.293716E+07   0.293715E+07   0.389949E+07   0.389919E+07   0.294522E+07   0.293719E+07   0.293716E+07   0.294657E+07  -0.600143E+00   0.292891E+07   0.292890E+07   0.533995E+02
   0.880190E-04   0.293712E+07   0.293712E+07   0.389579E+07   0.389542E+07   0.294496E+07   0.293716E+07   0.293712E+07   0.294653E+07  -0.600134E+00   0.292887E+07   0.292886E+07   0.589287E+02
   0.971891E-04   0.293708E+07   0.293708E+07   0.389128E+07   0.389083E+07   0.294464E+07   0.293712E+07   0.293708E+07   0.294647E+07  -0.600122E+00   0.292883E+07   0.292882E+07   0.650223E+02
   0.107314E-03   0.293703E+07   0.293702E+07   0.388579E+07   0.388524E+07   0.294424E+07   0.293706E+07   0.293703E+07   0.294640E+07  -0.600108E+00   0.292878E+07   0.292876E+07   0.717349E+02
   0.118495E-03   0.293697E+07   0.293696E+07   0.387910E+07   0.387844E+07   0.294377E+07   0.293700E+07   0.293696E+07   0.294632E+07  -0.600090E+00   0.292871E+07   0.292870E+07   0.791256E+02
   0.130840E-03   0.293689E+07   0.293688E+07   0.387097E+07   0.387016E+07   0.294318E+07   0.293692E+07   0.293689E+07   0.294622E+07  -0.600069E+00   0.292864E+07   0.292862E+07   0.872577E+02
   0.144471E-03   0.293680E+07   0.293679E+07   0.386107E+07   0.386009E+07   0.294247E+07   0.293682E+07   0.293679E+07   0.294610E+07  -0.600043E+00   0.292854E+07   0.292852E+07   0.961987E+02
   0.159522E-03   0.293668E+07   0.293667E+07   0.384904E+07   0.384784E+07   0.294161E+07   0.293670E+07   0.293668E+07   0.294596E+07  -0.600012E+00   0.292843E+07   0.292840E+07   0.106020E+03
   0.176142E-03   0.293654E+07   0.293653E+07   0.383441E+07   0.383296E+07   0.294055E+07   0.293656E+07   0.293654E+07   0.294578E+07  -0.599973E+00   0.292829E+07   0.292825E+07   0.116795E+03
   0.194493E-03   0.293637E+07   0.293636E+07   0.381665E+07   0.381489E+07   0.293927E+07   0.293639E+07   0.293637E+07   0.294556E+07  -0.599927E+00   0.292812E+07   0.292808E+07   0.128600E+03
   0.214755E-03   0.293617E+07   0.293615E+07   0.379509E+07   0.379296E+07   0.293770E+07   0.293617E+07   0.293617E+07   0.294530E+07  -0.599870E+00   0.292792E+07   0.292786E+07   0.141511E+03
   0.237129E-03   0.293592E+07   0.293590E+07   0.376897E+07   0.376638E+07   0.293580E+07   0.293592E+07   0.293592E+07   0.294498E+07  -0.599801E+00   0.292767E+07   0.292760E+07   0.155601E+03
   0.261834E-03   0.293561E+07   0.293559E+07   0.373735E+07   0.373422E+07   0.293348E+07   0.293560E+07   0.293561E+07   0.294458E+07  -0.599717E+00   0.292736E+07   0.292728E+07   0.170937E+03
   0.289112E-03   0.293524E+07   0.293522E+07   0.369913E+07   0.369535E+07   0.293066E+07   0.293522E+07   0.293524E+07   0.294411E+07  -0.599615E+00   0.292699E+07   0.292689E+07   0.187575E+03
   0.319233E-03   0.293479E+07   0.293476E+07   0.365302E+07   0.364847E+07   0.292723E+07   0.293475E+07   0.293479E+07   0.294353E+07  -0.599491E+00   0.292654E+07   0.292641E+07   0.205552E+03
   0.352491E-03   0.293424E+07   0.293420E+07   0.359754E+07   0.359207E+07   0.292306E+07   0.293418E+07   0.293423E+07   0.294283E+07  -0.599340E+00   0.292598E+07   0.292583E+07   0.224878E+03
   0.389215E-03   0.293357E+07   0.293353E+07   0.353097E+07   0.352442E+07   0.291799E+07   0.293349E+07   0.293357E+07   0.294198E+07  -0.599157E+00   0.292531E+07   0.292513E+07   0.245524E+03
   0.429764E-03   0.293276E+07   0.293270E+07   0.345136E+07   0.344354E+07   0.291184E+07   0.293265E+07   0.293275E+07   0.294095E+07  -0.598935E+00   0.292450E+07   0.292428E+07   0.267406E+03
   0.474538E-03   0.293178E+07   0.293171E+07   0.335659E+07   0.334730E+07   0.290438E+07   0.293163E+07   0.293176E+07   0.293970E+07  -0.598667E+00   0.292351E+07   0.292325E+07   0.290365E+03
   0.523976E-03   0.293058E+07   0.293050E+07   0.324437E+07   0.323339E+07   0.289535E+07   0.293040E+07   0.293057E+07   0.293819E+07  -0.598343E+00   0.292231E+07   0.292200E+07   0.314146E+03
   0.578566E-03   0.292913E+07   0.292903E+07   0.311233E+07   0.309946E+07   0.288443E+07   0.292890E+07   0.292912E+07   0.293638E+07  -0.597953E+00   0.292085E+07   0.292048E+07   0.338367E+03
   0.638842E-03   0.292738E+07   0.292726E+07   0.295824E+07   0.294328E+07   0.287119E+07   0.292709E+07   0.292736E+07   0.293420E+07  -0.597483E+00   0.291909E+07   0.291865E+07   0.362492E+03
   0.705398E-03   0.292526E+07   0.292512E+07   0.278020E+07   0.276297E+07   0.285531E+07   0.292491E+07   0.292524E+07   0.293158E+07  -0.596919E+00   0.291695E+07   0.291644E+07   0.385795E+03
   0.778888E-03   0.292271E+07   0.292254E+07   0.257698E+07   0.255740E+07   0.283622E+07   0.292227E+07   0.292268E+07   0.292845E+07  -0.596245E+00   0.291437E+07   0.291377E+07   0.407338E+03
   0.860035E-03   0.291964E+07   0.291943E+07   0.234857E+07   0.232664E+07   0.281336E+07   0.291910E+07   0.291961E+07   0.292473E+07  -0.595442E+00   0.291127E+07   0.291057E+07   0.425957E+03
   0.949635E-03   0.291595E+07   0.291571E+07   0.209668E+07   0.207257E+07   0.278608E+07   0.291530E+07   0.291591E+07   0.292032E+07  -0.594489E+00   0.290753E+07   0.290674E+07   0.440272E+03
   0.104857E-02   0.291154E+07   0.291126E+07   0.182549E+07   0.179956E+07   0.275368E+07   0.291075E+07   0.291150E+07   0.291512E+07  -0.593365E+00   0.290305E+07   0.290216E+07   0.448747E+03
   0.115781E-02   0.290629E+07   0.290596E+07   0.154226E+07   0.151506E+07   0.271542E+07   0.290533E+07   0.290623E+07   0.290901E+07  -0.592046E+00   0.289770E+07   0.289671E+07   0.449813E+03
   0.127844E-02   0.290005E+07   0.289967E+07   0.125771E+07   0.122998E+07   0.267045E+07   0.289890E+07   0.289999E+07   0.290190E+07  -0.590510E+00   0.289133E+07   0.289026E+07   0.442086E+03
   0.141163E-02   0.289268E+07   0.289224E+07   0.985845E+06   0.958424E+06   0.261816E+07   0.289130E+07   0.289261E+07   0.289365E+07  -0.588731E+00   0.288380E+07   0.288266E+07   0.424684E+03
   0.155869E-02   0.288402E+07   0.288352E+07   0.742776E+06   0.716375E+06   0.255807E+07   0.288239E+07   0.288394E+07   0.288416E+07  -0.586688E+00   0.287492E+07   0.287374E+07   0.397633E+03
   0.172108E-02   0.287391E+07   0.287334E+07   0.544066E+06   0.519015E+06   0.248972E+07   0.287199E+07   0.287381E+07   0.287328E+07  -0.584357E+00   0.286453E+07   0.286335E+07   0.362288E+03
   0.190039E-02   0.286217E+07   0.286153E+07   0.400634E+06   0.376599E+06   0.241300E+07   0.285993E+07   0.286206E+07   0.286087E+07  -0.581716E+00   0.285246E+07   0.285130E+07   0.321597E+03
   0.209838E-02   0.284863E+07   0.284790E+07   0.313926E+06   0.289829E+06   0.232821E+07   0.284604E+07   0.284851E+07   0.284677E+07  -0.578737E+00   0.283853E+07   0.283741E+07   0.279967E+03
   0.231699E-02   0.283312E+07   0.283229E+07   0.272476E+06   0.246881E+06   0.223617E+07   0.283015E+07   0.283298E+07   0.283078E+07  -0.575392E+00   0.282259E+07   0.282152E+07   0.242456E+03
   0.255838E-02   0.281546E+07   0.281450E+07   0.253195E+06   0.225336E+06   0.213824E+07   0.281208E+07   0.281530E+07   0.281267E+07  -0.571640E+00   0.280448E+07   0.280344E+07   0.213187E+03
   0.282492E-02   0.279547E+07   0.279434E+07   0.230194E+06   0.201317E+06   0.203627E+07   0.279167E+07   0.279528E+07   0.279220E+07  -0.567435E+00   0.278404E+07   0.278301E+07   0.193417E+03
   0.311923E-02   0.277295E+07   0.277162E+07   0.189453E+06   0.163335E+06   0.193236E+07   0.276874E+07   0.277273E+07   0.276917E+07  -0.562728E+00   0.276112E+07   0.276005E+07   0.180436E+03
   0.344419E-02   0.274772E+07   0.274613E+07   0.139438E+06   0.120562E+06   0.182850E+07   0.274309E+07   0.274745E+07   0.274341E+07  -0.557472E+00   0.273553E+07   0.273443E+07   0.168824E+03
   0.380302E-02   0.271956E+07   0.271768E+07   0.103223E+06   0.927963E+05   0.172617E+07   0.271453E+07   0.271925E+07   0.271477E+07  -0.551627E+00   0.270706E+07   0.270595E+07   0.154406E+03
   0.419923E-02   0.268830E+07   0.268605E+07   0.912455E+05   0.834849E+05   0.162604E+07   0.268287E+07   0.268792E+07   0.268309E+07  -0.545162E+00   0.267552E+07   0.267442E+07   0.138075E+03
   0.463671E-02   0.265373E+07   0.265106E+07   0.850892E+05   0.675881E+05   0.152797E+07   0.264793E+07   0.265328E+07   0.264812E+07  -0.538039E+00   0.264071E+07   0.263961E+07   0.124515E+03
   0.511978E-02   0.261567E+07   0.261248E+07   0.656552E+05   0.546354E+05   0.143138E+07   0.260951E+07   0.261513E+07   0.260966E+07  -0.530212E+00   0.260245E+07   0.260133E+07   0.115507E+03
   0.565317E-02   0.257403E+07   0.257022E+07   0.476997E+05   0.440916E+05   0.133119E+07   0.256749E+07   0.257339E+07   0.256760E+07  -0.521657E+00   0.256064E+07   0.255949E+07   0.107302E+03
   0.624213E-02   0.252844E+07   0.252388E+07   0.446570E+05   0.355158E+05   0.123134E+07   0.252151E+07   0.252767E+07   0.252161E+07  -0.512302E+00   0.251490E+07   0.251374E+07   0.980421E+02
   0.689245E-02   0.247878E+07   0.247334E+07   0.359337E+05   0.285509E+05   0.113049E+07   0.247146E+07   0.247787E+07   0.247155E+07  -0.502124E+00   0.246510E+07   0.246391E+07   0.907661E+02
   0.761052E-02   0.242488E+07   0.241837E+07   0.275227E+05   0.229016E+05   0.102791E+07   0.241715E+07   0.242378E+07   0.241721E+07  -0.491080E+00   0.241106E+07   0.240984E+07   0.849193E+02
   0.840340E-02   0.236651E+07   0.235875E+07   0.241800E+05   0.183257E+05   0.927288E+06   0.235837E+07   0.236520E+07   0.235843E+07  -0.479130E+00   0.235257E+07   0.235131E+07   0.791845E+02
   0.927889E-02   0.230349E+07   0.229426E+07   0.167914E+05   0.146256E+05   0.832695E+06   0.229496E+07   0.230194E+07   0.229500E+07  -0.466242E+00   0.228945E+07   0.228813E+07   0.746720E+02
   0.102456E-01   0.223567E+07   0.222471E+07   0.163742E+05   0.116383E+05   0.744824E+06   0.222676E+07   0.223383E+07   0.222679E+07  -0.452381E+00   0.222153E+07   0.222016E+07   0.705054E+02
   0.113130E-01   0.216287E+07   0.214989E+07   0.108340E+05   0.923108E+04   0.659308E+06   0.215356E+07   0.216069E+07   0.215358E+07  -0.437505E+00   0.214864E+07   0.214720E+07   0.671776E+02
   0.124916E-01   0.208492E+07   0.206961E+07   0.931289E+04   0.729498E+04   0.576784E+06   0.207520E+07   0.208235E+07   0.207522E+07  -0.421583E+00   0.207060E+07   0.206908E+07   0.642169E+02
   0.137930E-01   0.200169E+07   0.198372E+07   0.756604E+04   0.574156E+04   0.501696E+06   0.199156E+07   0.199867E+07   0.199158E+07  -0.404589E+00   0.198727E+07   0.198566E+07   0.617022E+02
   0.152300E-01   0.191311E+07   0.189214E+07   0.631392E+04   0.449827E+04   0.432941E+06   0.190258E+07   0.190959E+07   0.190259E+07  -0.386509E+00   0.189861E+07   0.189689E+07   0.594831E+02
   0.168167E-01   0.182131E+07   0.179703E+07   0.447837E+04   0.351019E+04   0.369464E+06   0.181035E+07   0.181723E+07   0.181036E+07  -0.367772E+00   0.180670E+07   0.180487E+07   0.575123E+02
   0.185687E-01   0.172268E+07   0.169482E+07   0.332425E+04   0.272123E+04   0.312189E+06   0.171133E+07   0.171801E+07   0.171133E+07  -0.347654E+00   0.170799E+07   0.170603E+07   0.555592E+02
   0.205033E-01   0.161936E+07   0.158774E+07   0.295294E+04   0.209642E+04   0.260896E+06   0.160762E+07   0.161405E+07   0.160763E+07  -0.326586E+00   0.160460E+07   0.160252E+07   0.535001E+02
   0.226393E-01   0.151050E+07   0.147510E+07   0.183454E+04   0.160248E+04   0.215466E+06   0.149843E+07   0.150455E+07   0.149843E+07  -0.304402E+00   0.149572E+07   0.149352E+07   0.512052E+02
   0.249980E-01   0.139995E+07   0.136100E+07   0.140429E+04   0.121699E+04   0.175916E+06   0.138763E+07   0.139341E+07   0.138763E+07  -0.281892E+00   0.138521E+07   0.138291E+07   0.484890E+02
   0.276023E-01   0.128899E+07   0.124702E+07   0.105727E+04   0.918134E+03   0.142279E+06   0.127653E+07   0.128194E+07   0.127653E+07  -0.259323E+00   0.127439E+07   0.127203E+07   0.452159E+02
   0.304780E-01   0.117806E+07   0.113399E+07   0.757459E+03   0.687550E+03   0.113690E+06   0.116564E+07   0.117066E+07   0.116564E+07  -0.236796E+00   0.116377E+07   0.116138E+07   0.412572E+02
   0.336533E-01   0.107013E+07   0.102531E+07   0.662265E+03   0.511785E+03   0.899089E+05   0.105798E+07   0.106260E+07   0.105798E+07  -0.214924E+00   0.105634E+07   0.105400E+07   0.365561E+02
   0.371593E-01   0.969024E+06   0.925227E+06   0.486973E+03   0.379843E+03   0.706809E+05   0.957436E+06   0.961670E+06   0.957438E+06  -0.194499E+00   0.955990E+06   0.953794E+06   0.311707E+02
   0.410307E-01   0.877226E+06   0.836485E+06   0.311220E+03   0.281949E+03   0.553589E+05   0.866513E+06   0.870386E+06   0.866514E+06  -0.176029E+00   0.865221E+06   0.863254E+06   0.252870E+02
   0.451338E-01   0.799419E+06   0.763510E+06   0.251378E+03   0.212398E+03   0.437716E+05   0.789828E+06   0.793390E+06   0.789828E+06  -0.160450E+00   0.788645E+06   0.786977E+06   0.194872E+02
   0.492368E-01   0.738597E+06   0.708365E+06   0.195299E+03   0.165009E+03   0.354364E+05   0.730204E+06   0.733521E+06   0.730204E+06  -0.148338E+00   0.729091E+06   0.727741E+06   0.144557E+02
   0.533399E-01   0.689529E+06   0.664996E+06   0.155506E+03   0.131385E+03   0.292595E+05   0.682292E+06   0.685410E+06   0.682292E+06  -0.138605E+00   0.681227E+06   0.680174E+06   0.104013E+02
   0.574430E-01   0.648262E+06   0.628752E+06   0.126186E+03   0.106610E+03   0.244916E+05   0.642038E+06   0.644986E+06   0.642038E+06  -0.130427E+00   0.641012E+06   0.640206E+06   0.740166E+01
   0.615460E-01   0.611794E+06   0.596145E+06   0.103824E+03   0.877146E+02   0.207502E+05   0.606370E+06   0.609167E+06   0.606371E+06  -0.123181E+00   0.605386E+06   0.604754E+06   0.541242E+01
   0.656491E-01   0.577451E+06   0.564270E+06   0.861702E+02   0.727994E+02   0.176323E+05   0.572588E+06   0.575238E+06   0.572589E+06  -0.116319E+00   0.571653E+06   0.571119E+06   0.429210E+01
   0.697522E-01   0.543531E+06   0.531446E+06   0.718521E+02   0.607028E+02   0.150500E+05   0.539000E+06   0.541502E+06   0.539001E+06  -0.109495E+00   0.538125E+06   0.537617E+06   0.383853E+01
   0.738552E-01   0.510290E+06   0.498160E+06   0.601509E+02   0.508176E+02   0.128522E+05   0.505899E+06   0.508254E+06   0.505900E+06  -0.102771E+00   0.505091E+06   0.504555E+06   0.382821E+01
   0.779583E-01   0.476696E+06   0.463760E+06   0.503980E+02   0.425786E+02   0.109679E+05   0.472321E+06   0.474524E+06   0.472321E+06  -0.959498E-01   0.471585E+06   0.470988E+06   0.403694E+01
   0.820614E-01   0.444327E+06   0.430255E+06   0.423581E+02   0.357868E+02   0.937336E+04   0.439909E+06   0.441964E+06   0.439909E+06  -0.893654E-01   0.439243E+06   0.438577E+06   0.428366E+01
   0.861644E-01   0.414073E+06   0.398942E+06   0.357703E+02   0.302215E+02   0.803704E+04   0.409615E+06   0.411532E+06   0.409615E+06  -0.832113E-01   0.409014E+06   0.408290E+06   0.443569E+01
   0.912856E-01   0.380413E+06   0.364546E+06   0.292498E+02   0.247129E+02   0.668665E+04   0.375986E+06   0.377749E+06   0.375986E+06  -0.763797E-01   0.375452E+06   0.374693E+06   0.438349E+01
   0.964067E-01   0.352311E+06   0.336654E+06   0.242749E+02   0.205098E+02   0.563547E+04   0.348047E+06   0.349682E+06   0.348047E+06  -0.707041E-01   0.347560E+06   0.346822E+06   0.404019E+01
   0.101528E+00   0.330102E+06   0.315606E+06   0.205102E+02   0.173289E+02   0.482796E+04   0.326134E+06   0.327668E+06   0.326134E+06  -0.662526E-01   0.325675E+06   0.325007E+06   0.347345E+01
   0.106649E+00   0.312966E+06   0.300308E+06   0.176346E+02   0.148990E+02   0.420226E+04   0.309383E+06   0.310840E+06   0.309383E+06  -0.628497E-01   0.308938E+06   0.308371E+06   0.280344E+01
   0.111770E+00   0.299274E+06   0.288707E+06   0.153682E+02   0.129839E+02   0.370321E+04   0.296104E+06   0.297500E+06   0.296104E+06  -0.601520E-01   0.295664E+06   0.295207E+06   0.215772E+01
   0.116891E+00   0.287253E+06   0.278594E+06   0.134999E+02   0.114052E+02   0.328643E+04   0.284457E+06   0.285799E+06   0.284457E+06  -0.577860E-01   0.284023E+06   0.283660E+06   0.163609E+01
   0.122012E+00   0.275503E+06   0.268239E+06   0.118920E+02   0.100466E+02   0.292247E+04   0.272994E+06   0.274283E+06   0.272994E+06  -0.554573E-01   0.272569E+06   0.272270E+06   0.129119E+01
   0.127134E+00   0.263188E+06   0.256655E+06   0.104665E+02   0.884231E+01   0.259459E+04   0.260858E+06   0.262091E+06   0.260858E+06  -0.529920E-01   0.260450E+06   0.260179E+06   0.112556E+01
   0.132255E+00   0.250070E+06   0.243640E+06   0.918788E+01   0.776214E+01   0.229610E+04   0.247819E+06   0.248991E+06   0.247819E+06  -0.503431E-01   0.247435E+06   0.247159E+06   0.110164E+01
   0.137376E+00   0.236411E+06   0.229641E+06   0.804590E+01   0.679745E+01   0.202573E+04   0.234166E+06   0.235275E+06   0.234166E+06  -0.475697E-01   0.233811E+06   0.233509E+06   0.115964E+01
   0.142497E+00   0.222793E+06   0.215499E+06   0.704164E+01   0.594912E+01   0.178503E+04   0.220524E+06   0.221568E+06   0.220524E+06  -0.447983E-01   0.220198E+06   0.219864E+06   0.123677E+01
   0.147618E+00   0.209955E+06   0.202212E+06   0.617854E+01   0.522002E+01   0.157626E+04   0.207671E+06   0.208655E+06   0.207671E+06  -0.421873E-01   0.207371E+06   0.207012E+06   0.128288E+01
   0.152739E+00   0.198592E+06   0.190667E+06   0.545570E+01   0.460937E+01   0.139995E+04   0.196331E+06   0.197262E+06   0.196331E+06  -0.398837E-01   0.196053E+06   0.195685E+06   0.126957E+01
   0.157860E+00   0.189090E+06   0.181334E+06   0.486207E+01   0.410783E+01   0.125430E+04   0.186901E+06   0.187787E+06   0.186901E+06  -0.379680E-01   0.186638E+06   0.186281E+06   0.119194E+01
   0.162982E+00   0.181381E+06   0.174120E+06   0.437622E+01   0.369733E+01   0.113458E+04   0.179311E+06   0.180162E+06   0.179311E+06  -0.364262E-01   0.179056E+06   0.178727E+06   0.106438E+01
   0.168103E+00   0.175078E+06   0.168529E+06   0.397270E+01   0.335637E+01   0.103474E+04   0.173157E+06   0.173978E+06   0.173157E+06  -0.351759E-01   0.172906E+06   0.172615E+06   0.912508E+00
   0.173224E+00   0.169688E+06   0.163915E+06   0.362843E+01   0.306546E+01   0.949094E+03   0.167921E+06   0.168718E+06   0.167921E+06  -0.341123E-01   0.167673E+06   0.167422E+06   0.764202E+00
   0.178345E+00   0.164706E+06   0.159626E+06   0.332455E+01   0.280869E+01   0.873087E+03   0.163078E+06   0.163853E+06   0.163078E+06  -0.331286E-01   0.162833E+06   0.162616E+06   0.641986E+00
   0.183466E+00   0.159667E+06   0.155091E+06   0.304667E+01   0.257391E+01   0.803220E+03   0.158147E+06   0.158899E+06   0.158147E+06  -0.321268E-01   0.157907E+06   0.157713E+06   0.558446E+00
   0.188587E+00   0.154269E+06   0.149962E+06   0.278635E+01   0.235398E+01   0.737259E+03   0.152820E+06   0.153546E+06   0.152820E+06  -0.310446E-01   0.152588E+06   0.152403E+06   0.515088E+00
   0.193708E+00   0.148480E+06   0.144224E+06   0.254147E+01   0.214711E+01   0.674714E+03   0.147066E+06   0.147765E+06   0.147066E+06  -0.298758E-01   0.146844E+06   0.146659E+06   0.504160E+00
   0.198830E+00   0.142481E+06   0.138128E+06   0.231393E+01   0.195489E+01   0.616182E+03   0.141079E+06   0.141750E+06   0.141079E+06  -0.286595E-01   0.140869E+06   0.140675E+06   0.512385E+00
   0.203951E+00   0.136533E+06   0.132024E+06   0.210638E+01   0.177956E+01   0.562541E+03   0.135133E+06   0.135776E+06   0.135133E+06  -0.274516E-01   0.134934E+06   0.134731E+06   0.525262E+00
   0.209072E+00   0.130890E+06   0.126257E+06   0.192074E+01   0.162274E+01   0.514392E+03   0.129496E+06   0.130112E+06   0.129496E+06  -0.263065E-01   0.129309E+06   0.129098E+06   0.530801E+00
   0.214193E+00   0.125770E+06   0.121108E+06   0.175786E+01   0.148514E+01   0.472030E+03   0.124396E+06   0.124988E+06   0.124396E+06  -0.252704E-01   0.124217E+06   0.124005E+06   0.521876E+00
   0.219314E+00   0.121303E+06   0.116735E+06   0.161699E+01   0.136612E+01   0.435322E+03   0.119965E+06   0.120536E+06   0.119965E+06  -0.243703E-01   0.119793E+06   0.119587E+06   0.496924E+00
   0.224435E+00   0.117486E+06   0.113127E+06   0.149561E+01   0.126358E+01   0.403631E+03   0.116201E+06   0.116754E+06   0.116201E+06  -0.236057E-01   0.116034E+06   0.115838E+06   0.459140E+00
   0.229556E+00   0.114200E+06   0.110127E+06   0.139003E+01   0.117436E+01   0.375947E+03   0.112978E+06   0.113516E+06   0.112978E+06  -0.229510E-01   0.112814E+06   0.112634E+06   0.414679E+00
   0.234678E+00   0.111264E+06   0.107502E+06   0.129629E+01   0.109516E+01   0.351247E+03   0.110108E+06   0.110632E+06   0.110108E+06  -0.223680E-01   0.109947E+06   0.109782E+06   0.370518E+00
   0.239799E+00   0.108485E+06   0.105006E+06   0.121091E+01   0.102302E+01   0.328740E+03   0.107390E+06   0.107901E+06   0.107390E+06  -0.218157E-01   0.107231E+06   0.107079E+06   0.332554E+00
   0.244920E+00   0.105699E+06   0.102437E+06   0.113123E+01   0.955704E+00   0.307712E+03   0.104653E+06   0.105151E+06   0.104653E+06  -0.212597E-01   0.104496E+06   0.104355E+06   0.304351E+00
   0.250041E+00   0.102807E+06   0.996799E+05   0.105576E+01   0.891940E+00   0.287669E+03   0.101797E+06   0.102282E+06   0.101797E+06  -0.206796E-01   0.101645E+06   0.101509E+06   0.286700E+00
   0.255162E+00   0.997979E+05   0.967285E+05   0.984069E+00   0.831374E+00   0.268547E+03   0.988120E+05   0.992825E+05   0.988120E+05  -0.200732E-01   0.986647E+05   0.985302E+05   0.277945E+00
   0.260283E+00   0.967262E+05   0.936591E+05   0.916448E+00   0.774249E+00   0.250509E+03   0.957552E+05   0.962112E+05   0.957553E+05  -0.194522E-01   0.956134E+05   0.954778E+05   0.274849E+00
   0.265404E+00   0.936786E+05   0.905892E+05   0.853443E+00   0.721024E+00   0.233679E+03   0.927183E+05   0.931599E+05   0.927183E+05  -0.188353E-01   0.925821E+05   0.924443E+05   0.273671E+00
   0.270526E+00   0.907496E+05   0.876446E+05   0.795566E+00   0.672130E+00   0.218164E+03   0.898005E+05   0.902283E+05   0.898005E+05  -0.182425E-01   0.896696E+05   0.895305E+05   0.271158E+00
   0.275647E+00   0.880222E+05   0.849315E+05   0.743123E+00   0.627826E+00   0.204063E+03   0.870884E+05   0.875032E+05   0.870884E+05  -0.176916E-01   0.869620E+05   0.868234E+05   0.265205E+00
   0.280768E+00   0.855455E+05   0.825107E+05   0.696061E+00   0.588066E+00   0.191401E+03   0.846328E+05   0.850359E+05   0.846328E+05  -0.171927E-01   0.845102E+05   0.843743E+05   0.255133E+00
   0.285889E+00   0.833217E+05   0.803827E+05   0.653922E+00   0.552464E+00   0.180058E+03   0.824355E+05   0.828283E+05   0.824355E+05  -0.167464E-01   0.823159E+05   0.821849E+05   0.241560E+00
   0.291010E+00   0.813122E+05   0.784971E+05   0.615965E+00   0.520395E+00   0.169777E+03   0.804562E+05   0.808395E+05   0.804562E+05  -0.163443E-01   0.803390E+05   0.802142E+05   0.225989E+00
   0.296131E+00   0.794565E+05   0.767762E+05   0.581368E+00   0.491164E+00   0.160382E+03   0.786318E+05   0.790065E+05   0.786318E+05  -0.159737E-01   0.785166E+05   0.783985E+05   0.210261E+00
   0.301252E+00   0.776887E+05   0.751359E+05   0.549363E+00   0.464123E+00   0.151719E+03   0.768937E+05   0.772601E+05   0.768937E+05  -0.156206E-01   0.767805E+05   0.766685E+05   0.196035E+00
   0.306374E+00   0.759500E+05   0.735035E+05   0.519326E+00   0.438746E+00   0.143584E+03   0.751810E+05   0.755392E+05   0.751810E+05  -0.152726E-01   0.750699E+05   0.749627E+05   0.184411E+00
   0.311495E+00   0.742006E+05   0.718322E+05   0.490846E+00   0.414684E+00   0.135856E+03   0.734529E+05   0.738030E+05   0.734529E+05  -0.149216E-01   0.733443E+05   0.732404E+05   0.175769E+00
   0.316616E+00   0.724284E+05   0.701100E+05   0.463739E+00   0.391784E+00   0.128481E+03   0.716975E+05   0.720392E+05   0.716975E+05  -0.145650E-01   0.715915E+05   0.714895E+05   0.169807E+00
   0.321737E+00   0.706471E+05   0.683572E+05   0.438014E+00   0.370051E+00   0.121477E+03   0.699293E+05   0.702626E+05   0.699293E+05  -0.142058E-01   0.698262E+05   0.697251E+05   0.165736E+00
   0.326858E+00   0.688862E+05   0.666133E+05   0.413772E+00   0.349571E+00   0.114846E+03   0.681796E+05   0.685045E+05   0.681796E+05  -0.138503E-01   0.680795E+05   0.679787E+05   0.162554E+00
   0.331979E+00   0.671791E+05   0.649225E+05   0.391120E+00   0.330435E+00   0.108637E+03   0.664833E+05   0.668002E+05   0.664833E+05  -0.135057E-01   0.663860E+05   0.662857E+05   0.159323E+00
   0.337100E+00   0.655541E+05   0.633219E+05   0.370119E+00   0.312693E+00   0.102886E+03   0.648701E+05   0.651793E+05   0.648701E+05  -0.131780E-01   0.647754E+05   0.646761E+05   0.155373E+00
   0.342222E+00   0.640291E+05   0.618340E+05   0.350755E+00   0.296333E+00   0.975892E+02   0.633585E+05   0.636606E+05   0.633585E+05  -0.128710E-01   0.632662E+05   0.631685E+05   0.150410E+00
   0.347343E+00   0.626081E+05   0.604635E+05   0.332934E+00   0.281277E+00   0.926978E+02   0.619526E+05   0.622480E+05   0.619526E+05  -0.125854E-01   0.618623E+05   0.617671E+05   0.144506E+00
   0.352464E+00   0.612814E+05   0.591976E+05   0.316493E+00   0.267387E+00   0.881693E+02   0.606424E+05   0.609315E+05   0.606424E+05  -0.123192E-01   0.605538E+05   0.604616E+05   0.138009E+00
   0.357585E+00   0.600299E+05   0.580117E+05   0.301235E+00   0.254496E+00   0.839819E+02   0.594078E+05   0.596910E+05   0.594078E+05  -0.120684E-01   0.593208E+05   0.592317E+05   0.131401E+00
   0.362706E+00   0.588309E+05   0.568769E+05   0.286963E+00   0.242438E+00   0.800645E+02   0.582252E+05   0.585028E+05   0.582252E+05  -0.118282E-01   0.581398E+05   0.580537E+05   0.125161E+00
   0.367827E+00   0.576633E+05   0.557671E+05   0.273507E+00   0.231069E+00   0.763684E+02   0.570727E+05   0.573449E+05   0.570727E+05  -0.115940E-01   0.569889E+05   0.569054E+05   0.119642E+00
   0.372948E+00   0.565111E+05   0.546631E+05   0.260740E+00   0.220283E+00   0.728434E+02   0.559341E+05   0.562008E+05   0.559341E+05  -0.113627E-01   0.558518E+05   0.557704E+05   0.115009E+00
   0.378070E+00   0.553661E+05   0.535563E+05   0.248584E+00   0.210013E+00   0.694859E+02   0.548009E+05   0.550622E+05   0.548009E+05  -0.111325E-01   0.547203E+05   0.546405E+05   0.111234E+00
   0.383191E+00   0.542294E+05   0.524492E+05   0.237009E+00   0.200235E+00   0.662796E+02   0.536746E+05   0.539305E+05   0.536746E+05  -0.109037E-01   0.535957E+05   0.535171E+05   0.108133E+00
   0.388312E+00   0.531104E+05   0.513543E+05   0.226026E+00   0.190956E+00   0.632343E+02   0.525648E+05   0.528155E+05   0.525648E+05  -0.106783E-01   0.524877E+05   0.524101E+05   0.105442E+00
   0.393433E+00   0.520198E+05   0.502860E+05   0.215648E+00   0.182188E+00   0.603622E+02   0.514832E+05   0.517287E+05   0.514832E+05  -0.104585E-01   0.514078E+05   0.513310E+05   0.102889E+00
   0.398554E+00   0.509666E+05   0.492564E+05   0.205879E+00   0.173935E+00   0.576613E+02   0.504389E+05   0.506795E+05   0.504389E+05  -0.102464E-01   0.503651E+05   0.502893E+05   0.100254E+00
   0.403675E+00   0.499568E+05   0.482736E+05   0.196706E+00   0.166186E+00   0.551261E+02   0.494384E+05   0.496741E+05   0.494384E+05  -0.100432E-01   0.493661E+05   0.492915E+05   0.974147E-01
   0.408796E+00   0.489934E+05   0.473414E+05   0.188109E+00   0.158922E+00   0.527453E+02   0.484848E+05   0.487160E+05   0.484848E+05  -0.984944E-02   0.484139E+05   0.483408E+05   0.943528E-01
   0.413918E+00   0.480757E+05   0.464582E+05   0.180049E+00   0.152113E+00   0.505148E+02   0.475772E+05   0.478041E+05   0.475772E+05  -0.966506E-02   0.475076E+05   0.474360E+05   0.911368E-01
   0.419039E+00   0.471976E+05   0.456166E+05   0.172471E+00   0.145711E+00   0.484031E+02   0.467093E+05   0.469321E+05   0.467093E+05  -0.948876E-02   0.466410E+05   0.465711E+05   0.878883E-01
   0.424160E+00   0.463507E+05   0.448061E+05   0.165317E+00   0.139666E+00   0.464093E+02   0.458725E+05   0.460913E+05   0.458725E+05  -0.931878E-02   0.458053E+05   0.457372E+05   0.847409E-01
   0.429281E+00   0.455274E+05   0.440173E+05   0.158534E+00   0.133935E+00   0.445215E+02   0.450589E+05   0.452738E+05   0.450589E+05  -0.915349E-02   0.449928E+05   0.449262E+05   0.818061E-01
   0.434402E+00   0.447219E+05   0.432433E+05   0.152082E+00   0.128485E+00   0.427312E+02   0.442626E+05   0.444737E+05   0.442626E+05  -0.899171E-02   0.441976E+05   0.441324E+05   0.791497E-01
   0.439523E+00   0.439307E+05   0.424798E+05   0.145931E+00   0.123288E+00   0.410185E+02   0.434797E+05   0.436871E+05   0.434797E+05  -0.883269E-02   0.434159E+05   0.433519E+05   0.767838E-01
   0.444644E+00   0.431520E+05   0.417255E+05   0.140061E+00   0.118329E+00   0.393774E+02   0.427088E+05   0.429125E+05   0.427088E+05  -0.867607E-02   0.426461E+05   0.425831E+05   0.746726E-01
   0.449766E+00   0.423869E+05   0.409821E+05   0.134460E+00   0.113597E+00   0.378190E+02   0.419509E+05   0.421510E+05   0.419509E+05  -0.852211E-02   0.418894E+05   0.418273E+05   0.727482E-01
   0.454887E+00   0.416386E+05   0.402541E+05   0.129126E+00   0.109091E+00   0.363375E+02   0.412095E+05   0.414061E+05   0.412095E+05  -0.837150E-02   0.411491E+05   0.410879E+05   0.709322E-01
   0.460008E+00   0.409106E+05   0.395462E+05   0.124057E+00   0.104808E+00   0.349256E+02   0.404883E+05   0.406815E+05   0.404883E+05  -0.822500E-02   0.404291E+05   0.403687E+05   0.691550E-01
   0.465129E+00   0.402054E+05   0.388616E+05   0.119247E+00   0.100745E+00   0.335795E+02   0.397899E+05   0.399798E+05   0.397899E+05  -0.808313E-02   0.397317E+05   0.396723E+05   0.673691E-01
   0.470250E+00   0.395237E+05   0.382014E+05   0.114685E+00   0.968906E-01   0.323070E+02   0.391151E+05   0.393017E+05   0.391151E+05  -0.794603E-02   0.390579E+05   0.389994E+05   0.655547E-01
   0.475371E+00   0.388649E+05   0.375651E+05   0.110357E+00   0.932341E-01   0.310931E+02   0.384632E+05   0.386467E+05   0.384632E+05  -0.781360E-02   0.384069E+05   0.383494E+05   0.637189E-01
   0.480492E+00   0.382277E+05   0.369510E+05   0.106247E+00   0.897618E-01   0.299374E+02   0.378328E+05   0.380133E+05   0.378328E+05  -0.768555E-02   0.377774E+05   0.377210E+05   0.618883E-01
   0.485614E+00   0.376101E+05   0.363566E+05   0.102339E+00   0.864600E-01   0.288424E+02   0.372221E+05   0.373996E+05   0.372221E+05  -0.756148E-02   0.371676E+05   0.371122E+05   0.600981E-01
   0.490735E+00   0.370096E+05   0.357786E+05   0.986153E-01   0.833141E-01   0.278074E+02   0.366282E+05   0.368029E+05   0.366282E+05  -0.744082E-02   0.365745E+05   0.365202E+05   0.583819E-01
   0.495856E+00   0.364231E+05   0.352135E+05   0.950590E-01   0.803096E-01   0.268179E+02   0.360480E+05   0.362200E+05   0.360480E+05  -0.732297E-02   0.359952E+05   0.359418E+05   0.567630E-01
   0.500977E+00   0.358483E+05   0.346589E+05   0.916565E-01   0.774350E-01   0.258633E+02   0.354793E+05   0.356486E+05   0.354793E+05  -0.720745E-02   0.354273E+05   0.353748E+05   0.552507E-01
   0.506098E+00   0.352847E+05   0.341140E+05   0.883989E-01   0.746828E-01   0.249502E+02   0.349215E+05   0.350881E+05   0.349215E+05  -0.709413E-02   0.348703E+05   0.348186E+05   0.538405E-01
   0.511219E+00   0.347325E+05   0.335793E+05   0.852805E-01   0.720483E-01   0.240775E+02   0.343749E+05   0.345389E+05   0.343749E+05  -0.698308E-02   0.343245E+05   0.342736E+05   0.525168E-01
   0.516340E+00   0.341922E+05   0.330557E+05   0.822963E-01   0.695271E-01   0.232395E+02   0.338400E+05   0.340014E+05   0.338400E+05  -0.687442E-02   0.337904E+05   0.337402E+05   0.512582E-01
   0.521462E+00   0.336642E+05   0.325439E+05   0.794411E-01   0.671150E-01   0.224331E+02   0.333171E+05   0.334761E+05   0.333171E+05  -0.676821E-02   0.332684E+05   0.332189E+05   0.500428E-01
   0.526583E+00   0.331490E+05   0.320447E+05   0.767107E-01   0.648082E-01   0.216677E+02   0.328071E+05   0.329636E+05   0.328071E+05  -0.666459E-02   0.327590E+05   0.327102E+05   0.488530E-01
   0.531704E+00   0.326474E+05   0.315591E+05   0.741012E-01   0.626036E-01   0.209380E+02   0.323105E+05   0.324646E+05   0.323105E+05  -0.656371E-02   0.322632E+05   0.322151E+05   0.476788E-01
   0.536825E+00   0.321594E+05   0.310873E+05   0.716076E-01   0.604970E-01   0.202377E+02   0.318275E+05   0.319794E+05   0.318275E+05  -0.646560E-02   0.317809E+05   0.317336E+05   0.465177E-01
   0.541946E+00   0.316845E+05   0.306286E+05   0.692233E-01   0.584826E-01   0.195650E+02   0.313576E+05   0.315072E+05   0.313576E+05  -0.637014E-02   0.313117E+05   0.312651E+05   0.453733E-01
   0.547067E+00   0.312216E+05   0.301818E+05   0.669411E-01   0.565545E-01   0.189261E+02   0.308996E+05   0.310470E+05   0.308996E+05  -0.627709E-02   0.308543E+05   0.308084E+05   0.442536E-01
   0.559946E+00   0.301056E+05   0.291049E+05   0.616142E-01   0.520540E-01   0.174309E+02   0.297954E+05   0.299376E+05   0.297954E+05  -0.605279E-02   0.297518E+05   0.297076E+05   0.415989E-01
   0.593872E+00   0.274324E+05   0.265194E+05   0.499113E-01   0.421670E-01   0.141366E+02   0.271495E+05   0.272791E+05   0.271495E+05  -0.551529E-02   0.271098E+05   0.270695E+05   0.357935E-01
   0.629853E+00   0.249899E+05   0.241591E+05   0.404212E-01   0.341494E-01   0.114578E+02   0.247324E+05   0.248504E+05   0.247324E+05  -0.502426E-02   0.246962E+05   0.246595E+05   0.307042E-01
   0.879031E+00   0.146083E+05   0.141227E+05   0.121315E-01   0.102491E-01   0.345309E+01   0.144577E+05   0.145267E+05   0.144577E+05  -0.293701E-02   0.144366E+05   0.144151E+05   0.128558E-01
   0.122679E+01   0.843630E+04   0.815601E+04   0.359698E-02   0.303887E-02   0.102646E+01   0.834938E+04   0.838924E+04   0.834938E+04  -0.169613E-02   0.833716E+04   0.832478E+04   0.531950E-02
   0.171212E+01   0.482129E+04   0.466115E+04   0.105541E-02   0.891649E-03   0.301166E+00   0.477162E+04   0.479440E+04   0.477162E+04  -0.969331E-03   0.476464E+04   0.475756E+04   0.218040E-02
   0.238945E+01   0.273064E+04   0.263995E+04   0.306896E-03   0.259278E-03   0.876570E-01   0.270251E+04   0.271541E+04   0.270251E+04  -0.549001E-03   0.269855E+04   0.269453E+04   0.887208E-03
