#           k/h    P           
    0.10000E-03    0.56082E+02
    0.10202E-03    0.57169E+02
    0.10408E-03    0.58277E+02
    0.10618E-03    0.59406E+02
    0.10833E-03    0.60557E+02
    0.11052E-03    0.61730E+02
    0.11275E-03    0.62926E+02
    0.11503E-03    0.64145E+02
    0.11735E-03    0.65388E+02
    0.11972E-03    0.66655E+02
    0.12214E-03    0.67946E+02
    0.12461E-03    0.69262E+02
    0.12712E-03    0.70604E+02
    0.12969E-03    0.71972E+02
    0.13231E-03    0.73366E+02
    0.13499E-03    0.74787E+02
    0.13771E-03    0.76235E+02
    0.14049E-03    0.77712E+02
    0.14333E-03    0.79217E+02
    0.14623E-03    0.80751E+02
    0.14918E-03    0.82315E+02
    0.15220E-03    0.83909E+02
    0.15527E-03    0.85534E+02
    0.15841E-03    0.87190E+02
    0.16161E-03    0.88879E+02
    0.16487E-03    0.90599E+02
    0.16820E-03    0.92353E+02
    0.17160E-03    0.94141E+02
    0.17507E-03    0.95964E+02
    0.17860E-03    0.97822E+02
    0.18221E-03    0.99715E+02
    0.18589E-03    0.10165E+03
    0.18965E-03    0.10361E+03
    0.19348E-03    0.10562E+03
    0.19739E-03    0.10766E+03
    0.20138E-03    0.10974E+03
    0.20544E-03    0.11187E+03
    0.20959E-03    0.11403E+03
    0.21383E-03    0.11624E+03
    0.21815E-03    0.11849E+03
    0.22255E-03    0.12078E+03
    0.22705E-03    0.12312E+03
    0.23164E-03    0.12550E+03
    0.23632E-03    0.12792E+03
    0.24109E-03    0.13040E+03
    0.24596E-03    0.13292E+03
    0.25093E-03    0.13549E+03
    0.25600E-03    0.13811E+03
    0.26117E-03    0.14077E+03
    0.26645E-03    0.14349E+03
    0.27183E-03    0.14627E+03
    0.27732E-03    0.14909E+03
    0.28292E-03    0.15197E+03
    0.28864E-03    0.15491E+03
    0.29447E-03    0.15790E+03
    0.30042E-03    0.16095E+03
    0.30649E-03    0.16406E+03
    0.31268E-03    0.16722E+03
    0.31899E-03    0.17045E+03
    0.32544E-03    0.17374E+03
    0.33201E-03    0.17709E+03
    0.33872E-03    0.18051E+03
    0.34556E-03    0.18399E+03
    0.35254E-03    0.18753E+03
    0.35966E-03    0.19115E+03
    0.36693E-03    0.19483E+03
    0.37434E-03    0.19859E+03
    0.38190E-03    0.20241E+03
    0.38962E-03    0.20631E+03
    0.39749E-03    0.21028E+03
    0.40552E-03    0.21433E+03
    0.41371E-03    0.21845E+03
    0.42207E-03    0.22265E+03
    0.43060E-03    0.22694E+03
    0.43929E-03    0.23130E+03
    0.44817E-03    0.23574E+03
    0.45722E-03    0.24027E+03
    0.46646E-03    0.24489E+03
    0.47588E-03    0.24959E+03
    0.48550E-03    0.25438E+03
    0.49530E-03    0.25926E+03
    0.50531E-03    0.26423E+03
    0.51552E-03    0.26929E+03
    0.52593E-03    0.27445E+03
    0.53656E-03    0.27971E+03
    0.54739E-03    0.28506E+03
    0.55845E-03    0.29051E+03
    0.56973E-03    0.29607E+03
    0.58124E-03    0.30172E+03
    0.59299E-03    0.30749E+03
    0.60496E-03    0.31336E+03
    0.61719E-03    0.31934E+03
    0.62965E-03    0.32542E+03
    0.64237E-03    0.33162E+03
    0.65535E-03    0.33794E+03
    0.66859E-03    0.34437E+03
    0.68210E-03    0.35092E+03
    0.69588E-03    0.35759E+03
    0.70993E-03    0.36438E+03
    0.72427E-03    0.37129E+03
    0.73891E-03    0.37833E+03
    0.75383E-03    0.38550E+03
    0.76906E-03    0.39279E+03
    0.78460E-03    0.40022E+03
    0.80045E-03    0.40778E+03
    0.81662E-03    0.41548E+03
    0.83311E-03    0.42332E+03
    0.84994E-03    0.43129E+03
    0.86711E-03    0.43941E+03
    0.88463E-03    0.44767E+03
    0.90250E-03    0.45607E+03
    0.92073E-03    0.46463E+03
    0.93933E-03    0.47334E+03
    0.95831E-03    0.48219E+03
    0.97767E-03    0.49121E+03
    0.99742E-03    0.50038E+03
    0.10176E-02    0.50970E+03
    0.10381E-02    0.51919E+03
    0.10591E-02    0.52885E+03
    0.10805E-02    0.53867E+03
    0.11023E-02    0.54865E+03
    0.11246E-02    0.55881E+03
    0.11473E-02    0.56914E+03
    0.11705E-02    0.57964E+03
    0.11941E-02    0.59032E+03
    0.12182E-02    0.60118E+03
    0.12429E-02    0.61222E+03
    0.12680E-02    0.62344E+03
    0.12936E-02    0.63485E+03
    0.13197E-02    0.64644E+03
    0.13464E-02    0.65822E+03
    0.13736E-02    0.67020E+03
    0.14013E-02    0.68237E+03
    0.14296E-02    0.69473E+03
    0.14585E-02    0.70729E+03
    0.14880E-02    0.72005E+03
    0.15180E-02    0.73302E+03
    0.15487E-02    0.74618E+03
    0.15800E-02    0.75955E+03
    0.16119E-02    0.77313E+03
    0.16445E-02    0.78692E+03
    0.16777E-02    0.80092E+03
    0.17116E-02    0.81513E+03
    0.17462E-02    0.82955E+03
    0.17814E-02    0.84419E+03
    0.18174E-02    0.85905E+03
    0.18541E-02    0.87412E+03
    0.18916E-02    0.88942E+03
    0.19298E-02    0.90493E+03
    0.19688E-02    0.92067E+03
    0.20086E-02    0.93663E+03
    0.20491E-02    0.95282E+03
    0.20905E-02    0.96923E+03
    0.21328E-02    0.98586E+03
    0.21758E-02    0.10027E+04
    0.22198E-02    0.10198E+04
    0.22646E-02    0.10371E+04
    0.23104E-02    0.10547E+04
    0.23571E-02    0.10725E+04
    0.24047E-02    0.10905E+04
    0.24533E-02    0.11087E+04
    0.25028E-02    0.11271E+04
    0.25534E-02    0.11458E+04
    0.26050E-02    0.11648E+04
    0.26576E-02    0.11839E+04
    0.27113E-02    0.12033E+04
    0.27660E-02    0.12229E+04
    0.28219E-02    0.12427E+04
    0.28789E-02    0.12627E+04
    0.29371E-02    0.12830E+04
    0.29964E-02    0.13034E+04
    0.30569E-02    0.13241E+04
    0.31187E-02    0.13451E+04
    0.31817E-02    0.13662E+04
    0.32460E-02    0.13875E+04
    0.33115E-02    0.14091E+04
    0.33784E-02    0.14308E+04
    0.34467E-02    0.14528E+04
    0.35163E-02    0.14749E+04
    0.35874E-02    0.14973E+04
    0.36598E-02    0.15198E+04
    0.37338E-02    0.15425E+04
    0.38092E-02    0.15654E+04
    0.38861E-02    0.15885E+04
    0.39646E-02    0.16117E+04
    0.40447E-02    0.16352E+04
    0.41264E-02    0.16587E+04
    0.42098E-02    0.16825E+04
    0.42948E-02    0.17063E+04
    0.43816E-02    0.17304E+04
    0.44701E-02    0.17545E+04
    0.45604E-02    0.17788E+04
    0.46525E-02    0.18032E+04
    0.47465E-02    0.18277E+04
    0.48424E-02    0.18523E+04
    0.49402E-02    0.18770E+04
    0.50400E-02    0.19018E+04
    0.51419E-02    0.19266E+04
    0.52457E-02    0.19516E+04
    0.53517E-02    0.19766E+04
    0.54598E-02    0.20016E+04
    0.55701E-02    0.20266E+04
    0.56826E-02    0.20517E+04
    0.57974E-02    0.20768E+04
    0.59145E-02    0.21018E+04
    0.60340E-02    0.21268E+04
    0.61559E-02    0.21518E+04
    0.62803E-02    0.21767E+04
    0.64072E-02    0.22016E+04
    0.65366E-02    0.22264E+04
    0.66686E-02    0.22511E+04
    0.68033E-02    0.22756E+04
    0.69408E-02    0.23001E+04
    0.70810E-02    0.23243E+04
    0.72240E-02    0.23484E+04
    0.73700E-02    0.23723E+04
    0.75189E-02    0.23961E+04
    0.76708E-02    0.24195E+04
    0.78257E-02    0.24428E+04
    0.79838E-02    0.24657E+04
    0.81451E-02    0.24884E+04
    0.83096E-02    0.25107E+04
    0.84775E-02    0.25328E+04
    0.86488E-02    0.25544E+04
    0.88235E-02    0.25757E+04
    0.90017E-02    0.25965E+04
    0.91836E-02    0.26170E+04
    0.93691E-02    0.26369E+04
    0.95583E-02    0.26564E+04
    0.97514E-02    0.26754E+04
    0.99484E-02    0.26938E+04
    0.10149E-01    0.27117E+04
    0.10354E-01    0.27290E+04
    0.10564E-01    0.27456E+04
    0.10777E-01    0.27616E+04
    0.10995E-01    0.27769E+04
    0.11217E-01    0.27915E+04
    0.11443E-01    0.28053E+04
    0.11675E-01    0.28184E+04
    0.11910E-01    0.28306E+04
    0.12151E-01    0.28420E+04
    0.12397E-01    0.28526E+04
    0.12647E-01    0.28623E+04
    0.12902E-01    0.28711E+04
    0.13163E-01    0.28789E+04
    0.13429E-01    0.28857E+04
    0.13700E-01    0.28913E+04
    0.13977E-01    0.28957E+04
    0.14259E-01    0.28990E+04
    0.14547E-01    0.29013E+04
    0.14841E-01    0.29026E+04
    0.15141E-01    0.29032E+04
    0.15447E-01    0.29031E+04
    0.15759E-01    0.29021E+04
    0.16077E-01    0.29001E+04
    0.16402E-01    0.28968E+04
    0.16734E-01    0.28920E+04
    0.17072E-01    0.28854E+04
    0.17416E-01    0.28770E+04
    0.17768E-01    0.28671E+04
    0.18127E-01    0.28557E+04
    0.18493E-01    0.28430E+04
    0.18867E-01    0.28291E+04
    0.19248E-01    0.28140E+04
    0.19637E-01    0.27975E+04
    0.20034E-01    0.27794E+04
    0.20438E-01    0.27595E+04
    0.20851E-01    0.27379E+04
    0.21272E-01    0.27146E+04
    0.21702E-01    0.26898E+04
    0.22141E-01    0.26636E+04
    0.22588E-01    0.26363E+04
    0.23044E-01    0.26080E+04
    0.23510E-01    0.25788E+04
    0.23985E-01    0.25486E+04
    0.24469E-01    0.25174E+04
    0.24964E-01    0.24854E+04
    0.25468E-01    0.24525E+04
    0.25982E-01    0.24187E+04
    0.26507E-01    0.23840E+04
    0.27043E-01    0.23483E+04
    0.27589E-01    0.23118E+04
    0.28146E-01    0.22744E+04
    0.28715E-01    0.22362E+04
    0.29295E-01    0.21974E+04
    0.29887E-01    0.21580E+04
    0.30490E-01    0.21181E+04
    0.31106E-01    0.20779E+04
    0.31735E-01    0.20376E+04
    0.32376E-01    0.19972E+04
    0.33030E-01    0.19570E+04
    0.33697E-01    0.19170E+04
    0.34378E-01    0.18774E+04
    0.35072E-01    0.18383E+04
    0.35781E-01    0.17998E+04
    0.36504E-01    0.17619E+04
    0.37241E-01    0.17248E+04
    0.37993E-01    0.16884E+04
    0.38761E-01    0.16530E+04
    0.39544E-01    0.16184E+04
    0.40343E-01    0.15848E+04
    0.41158E-01    0.15523E+04
    0.41989E-01    0.15208E+04
    0.42838E-01    0.14905E+04
    0.43703E-01    0.14614E+04
    0.44586E-01    0.14338E+04
    0.45486E-01    0.14076E+04
    0.46405E-01    0.13829E+04
    0.47343E-01    0.13596E+04
    0.48299E-01    0.13374E+04
    0.49275E-01    0.13164E+04
    0.50270E-01    0.12963E+04
    0.51286E-01    0.12771E+04
    0.52322E-01    0.12588E+04
    0.53379E-01    0.12411E+04
    0.54457E-01    0.12241E+04
    0.55557E-01    0.12075E+04
    0.56680E-01    0.11913E+04
    0.57825E-01    0.11753E+04
    0.58993E-01    0.11594E+04
    0.60184E-01    0.11434E+04
    0.61400E-01    0.11270E+04
    0.62641E-01    0.11102E+04
    0.63906E-01    0.10926E+04
    0.65197E-01    0.10740E+04
    0.66514E-01    0.10541E+04
    0.67858E-01    0.10330E+04
    0.69229E-01    0.10109E+04
    0.70627E-01    0.98806E+03
    0.72054E-01    0.96423E+03
    0.73510E-01    0.93900E+03
    0.74994E-01    0.91208E+03
    0.76509E-01    0.88376E+03
    0.78055E-01    0.85459E+03
    0.79632E-01    0.82504E+03
    0.81241E-01    0.79532E+03
    0.82882E-01    0.76564E+03
    0.84556E-01    0.73622E+03
    0.86264E-01    0.70739E+03
    0.88007E-01    0.67941E+03
    0.89785E-01    0.65259E+03
    0.91598E-01    0.62719E+03
    0.93449E-01    0.60342E+03
    0.95337E-01    0.58151E+03
    0.97263E-01    0.56165E+03
    0.99227E-01    0.54390E+03
    0.10123E+00    0.52824E+03
    0.10328E+00    0.51460E+03
    0.10536E+00    0.50277E+03
    0.10749E+00    0.49249E+03
    0.10966E+00    0.48343E+03
    0.11188E+00    0.47522E+03
    0.11414E+00    0.46744E+03
    0.11644E+00    0.45971E+03
    0.11880E+00    0.45164E+03
    0.12120E+00    0.44289E+03
    0.12365E+00    0.43317E+03
    0.12614E+00    0.42228E+03
    0.12869E+00    0.41013E+03
    0.13129E+00    0.39672E+03
    0.13394E+00    0.38219E+03
    0.13665E+00    0.36677E+03
    0.13941E+00    0.35076E+03
    0.14223E+00    0.33458E+03
    0.14510E+00    0.31866E+03
    0.14803E+00    0.30348E+03
    0.15102E+00    0.28946E+03
    0.15407E+00    0.27692E+03
    0.15718E+00    0.26605E+03
    0.16036E+00    0.25684E+03
    0.16360E+00    0.24914E+03
    0.16690E+00    0.24270E+03
    0.17028E+00    0.23718E+03
    0.17371E+00    0.23223E+03
    0.17722E+00    0.22745E+03
    0.18080E+00    0.22239E+03
    0.18446E+00    0.21668E+03
    0.18818E+00    0.21007E+03
    0.19198E+00    0.20252E+03
    0.19586E+00    0.19422E+03
    0.19982E+00    0.18547E+03
    0.20386E+00    0.17664E+03
    0.20797E+00    0.16808E+03
    0.21218E+00    0.16016E+03
    0.21646E+00    0.15313E+03
    0.22083E+00    0.14713E+03
    0.22530E+00    0.14212E+03
    0.22985E+00    0.13790E+03
    0.23449E+00    0.13417E+03
    0.23923E+00    0.13060E+03
    0.24406E+00    0.12684E+03
    0.24899E+00    0.12268E+03
    0.25402E+00    0.11806E+03
    0.25915E+00    0.11307E+03
    0.26439E+00    0.10793E+03
    0.26973E+00    0.10290E+03
    0.27518E+00    0.98226E+02
    0.28074E+00    0.94079E+02
    0.28641E+00    0.90495E+02
    0.29219E+00    0.87373E+02
    0.29810E+00    0.84529E+02
    0.30412E+00    0.81754E+02
    0.31026E+00    0.78870E+02
    0.31653E+00    0.75799E+02
    0.32292E+00    0.72588E+02
    0.32945E+00    0.69370E+02
    0.33610E+00    0.66297E+02
    0.34289E+00    0.63482E+02
    0.34982E+00    0.60957E+02
    0.35689E+00    0.58670E+02
    0.36409E+00    0.56516E+02
    0.37145E+00    0.54387E+02
    0.37895E+00    0.52217E+02
    0.38661E+00    0.50015E+02
    0.39442E+00    0.47851E+02
    0.40239E+00    0.45794E+02
    0.41052E+00    0.43887E+02
    0.41881E+00    0.42125E+02
    0.42727E+00    0.40459E+02
    0.43590E+00    0.38837E+02
    0.44471E+00    0.37229E+02
    0.45369E+00    0.35644E+02
    0.46286E+00    0.34115E+02
    0.47221E+00    0.32669E+02
    0.48174E+00    0.31308E+02
    0.49148E+00    0.30016E+02
    0.50141E+00    0.28765E+02
    0.51153E+00    0.27546E+02
    0.52187E+00    0.26364E+02
    0.53241E+00    0.25232E+02
    0.54317E+00    0.24158E+02
    0.55414E+00    0.23133E+02
    0.56533E+00    0.22148E+02
    0.57675E+00    0.21195E+02
    0.58840E+00    0.20279E+02
    0.60029E+00    0.19402E+02
    0.61242E+00    0.18563E+02
    0.62479E+00    0.17760E+02
    0.63741E+00    0.16991E+02
    0.65029E+00    0.16252E+02
    0.66342E+00    0.15544E+02
    0.67683E+00    0.14865E+02
    0.69050E+00    0.14214E+02
    0.70445E+00    0.13590E+02
    0.71868E+00    0.12991E+02
    0.73320E+00    0.12418E+02
    0.74801E+00    0.11869E+02
    0.76312E+00    0.11343E+02
    0.77854E+00    0.10839E+02
    0.79426E+00    0.10356E+02
    0.81031E+00    0.98945E+01
    0.82668E+00    0.94523E+01
    0.84338E+00    0.90290E+01
    0.86041E+00    0.86239E+01
    0.87780E+00    0.82363E+01
    0.89553E+00    0.78655E+01
    0.91362E+00    0.75108E+01
    0.93208E+00    0.71715E+01
    0.95091E+00    0.68470E+01
    0.97011E+00    0.65366E+01
    0.98971E+00    0.62398E+01
    0.10097E+01    0.59561E+01
    0.10301E+01    0.56848E+01
    0.10509E+01    0.54254E+01
    0.10721E+01    0.51775E+01
    0.10938E+01    0.49405E+01
    0.11159E+01    0.47140E+01
    0.11384E+01    0.44976E+01
    0.11614E+01    0.42907E+01
    0.11849E+01    0.40931E+01
    0.12088E+01    0.39043E+01
    0.12333E+01    0.37240E+01
    0.12582E+01    0.35517E+01
    0.12836E+01    0.33871E+01
    0.13095E+01    0.32299E+01
    0.13360E+01    0.30798E+01
    0.13630E+01    0.29364E+01
    0.13905E+01    0.27995E+01
    0.14186E+01    0.26688E+01
    0.14472E+01    0.25440E+01
    0.14765E+01    0.24249E+01
    0.15063E+01    0.23111E+01
    0.15367E+01    0.22025E+01
    0.15678E+01    0.20989E+01
    0.15994E+01    0.20000E+01
    0.16318E+01    0.19056E+01
    0.16647E+01    0.18155E+01
    0.16984E+01    0.17295E+01
    0.17327E+01    0.16475E+01
    0.17677E+01    0.15692E+01
    0.18034E+01    0.14946E+01
    0.18398E+01    0.14234E+01
    0.18770E+01    0.13555E+01
    0.19149E+01    0.12908E+01
    0.19536E+01    0.12291E+01
    0.19930E+01    0.11703E+01
    0.20333E+01    0.11143E+01
    0.20744E+01    0.10609E+01
    0.21163E+01    0.10100E+01
    0.21590E+01    0.96154E+00
    0.22026E+01    0.91538E+00
    0.22471E+01    0.87143E+00
    0.22925E+01    0.82957E+00
    0.23388E+01    0.78972E+00
    0.23861E+01    0.75177E+00
