#           k/h    P           
    0.10000E-03    0.11167E+02
    0.10202E-03    0.11383E+02
    0.10408E-03    0.11604E+02
    0.10618E-03    0.11829E+02
    0.10833E-03    0.12058E+02
    0.11052E-03    0.12292E+02
    0.11275E-03    0.12530E+02
    0.11503E-03    0.12773E+02
    0.11735E-03    0.13020E+02
    0.11972E-03    0.13272E+02
    0.12214E-03    0.13529E+02
    0.12461E-03    0.13792E+02
    0.12712E-03    0.14059E+02
    0.12969E-03    0.14331E+02
    0.13231E-03    0.14609E+02
    0.13499E-03    0.14892E+02
    0.13771E-03    0.15180E+02
    0.14049E-03    0.15474E+02
    0.14333E-03    0.15774E+02
    0.14623E-03    0.16080E+02
    0.14918E-03    0.16391E+02
    0.15220E-03    0.16709E+02
    0.15527E-03    0.17032E+02
    0.15841E-03    0.17362E+02
    0.16161E-03    0.17698E+02
    0.16487E-03    0.18041E+02
    0.16820E-03    0.18391E+02
    0.17160E-03    0.18747E+02
    0.17507E-03    0.19110E+02
    0.17860E-03    0.19480E+02
    0.18221E-03    0.19857E+02
    0.18589E-03    0.20241E+02
    0.18965E-03    0.20633E+02
    0.19348E-03    0.21033E+02
    0.19739E-03    0.21440E+02
    0.20138E-03    0.21855E+02
    0.20544E-03    0.22278E+02
    0.20959E-03    0.22709E+02
    0.21383E-03    0.23149E+02
    0.21815E-03    0.23597E+02
    0.22255E-03    0.24053E+02
    0.22705E-03    0.24519E+02
    0.23164E-03    0.24993E+02
    0.23632E-03    0.25476E+02
    0.24109E-03    0.25969E+02
    0.24596E-03    0.26472E+02
    0.25093E-03    0.26984E+02
    0.25600E-03    0.27506E+02
    0.26117E-03    0.28037E+02
    0.26645E-03    0.28580E+02
    0.27183E-03    0.29132E+02
    0.27732E-03    0.29695E+02
    0.28292E-03    0.30269E+02
    0.28864E-03    0.30854E+02
    0.29447E-03    0.31451E+02
    0.30042E-03    0.32058E+02
    0.30649E-03    0.32678E+02
    0.31268E-03    0.33309E+02
    0.31899E-03    0.33952E+02
    0.32544E-03    0.34608E+02
    0.33201E-03    0.35276E+02
    0.33872E-03    0.35957E+02
    0.34556E-03    0.36651E+02
    0.35254E-03    0.37359E+02
    0.35966E-03    0.38080E+02
    0.36693E-03    0.38814E+02
    0.37434E-03    0.39563E+02
    0.38190E-03    0.40326E+02
    0.38962E-03    0.41103E+02
    0.39749E-03    0.41896E+02
    0.40552E-03    0.42703E+02
    0.41371E-03    0.43526E+02
    0.42207E-03    0.44364E+02
    0.43060E-03    0.45219E+02
    0.43929E-03    0.46089E+02
    0.44817E-03    0.46977E+02
    0.45722E-03    0.47880E+02
    0.46646E-03    0.48802E+02
    0.47588E-03    0.49740E+02
    0.48550E-03    0.50696E+02
    0.49530E-03    0.51670E+02
    0.50531E-03    0.52663E+02
    0.51552E-03    0.53675E+02
    0.52593E-03    0.54705E+02
    0.53656E-03    0.55755E+02
    0.54739E-03    0.56824E+02
    0.55845E-03    0.57914E+02
    0.56973E-03    0.59024E+02
    0.58124E-03    0.60154E+02
    0.59299E-03    0.61306E+02
    0.60496E-03    0.62480E+02
    0.61719E-03    0.63675E+02
    0.62965E-03    0.64892E+02
    0.64237E-03    0.66132E+02
    0.65535E-03    0.67395E+02
    0.66859E-03    0.68681E+02
    0.68210E-03    0.69992E+02
    0.69588E-03    0.71326E+02
    0.70993E-03    0.72685E+02
    0.72427E-03    0.74068E+02
    0.73891E-03    0.75477E+02
    0.75383E-03    0.76912E+02
    0.76906E-03    0.78373E+02
    0.78460E-03    0.79861E+02
    0.80045E-03    0.81376E+02
    0.81662E-03    0.82918E+02
    0.83311E-03    0.84487E+02
    0.84994E-03    0.86086E+02
    0.86711E-03    0.87712E+02
    0.88463E-03    0.89368E+02
    0.90250E-03    0.91054E+02
    0.92073E-03    0.92770E+02
    0.93933E-03    0.94516E+02
    0.95831E-03    0.96292E+02
    0.97767E-03    0.98101E+02
    0.99742E-03    0.99941E+02
    0.10176E-02    0.10181E+03
    0.10381E-02    0.10372E+03
    0.10591E-02    0.10566E+03
    0.10805E-02    0.10763E+03
    0.11023E-02    0.10963E+03
    0.11246E-02    0.11167E+03
    0.11473E-02    0.11375E+03
    0.11705E-02    0.11586E+03
    0.11941E-02    0.11800E+03
    0.12182E-02    0.12018E+03
    0.12429E-02    0.12240E+03
    0.12680E-02    0.12466E+03
    0.12936E-02    0.12695E+03
    0.13197E-02    0.12928E+03
    0.13464E-02    0.13165E+03
    0.13736E-02    0.13406E+03
    0.14013E-02    0.13650E+03
    0.14296E-02    0.13899E+03
    0.14585E-02    0.14151E+03
    0.14880E-02    0.14408E+03
    0.15180E-02    0.14669E+03
    0.15487E-02    0.14933E+03
    0.15800E-02    0.15202E+03
    0.16119E-02    0.15475E+03
    0.16445E-02    0.15752E+03
    0.16777E-02    0.16034E+03
    0.17116E-02    0.16320E+03
    0.17462E-02    0.16610E+03
    0.17814E-02    0.16904E+03
    0.18174E-02    0.17203E+03
    0.18541E-02    0.17506E+03
    0.18916E-02    0.17813E+03
    0.19298E-02    0.18125E+03
    0.19688E-02    0.18441E+03
    0.20086E-02    0.18762E+03
    0.20491E-02    0.19088E+03
    0.20905E-02    0.19418E+03
    0.21328E-02    0.19752E+03
    0.21758E-02    0.20091E+03
    0.22198E-02    0.20434E+03
    0.22646E-02    0.20782E+03
    0.23104E-02    0.21135E+03
    0.23571E-02    0.21492E+03
    0.24047E-02    0.21854E+03
    0.24533E-02    0.22220E+03
    0.25028E-02    0.22591E+03
    0.25534E-02    0.22967E+03
    0.26050E-02    0.23347E+03
    0.26576E-02    0.23731E+03
    0.27113E-02    0.24121E+03
    0.27660E-02    0.24514E+03
    0.28219E-02    0.24913E+03
    0.28789E-02    0.25315E+03
    0.29371E-02    0.25722E+03
    0.29964E-02    0.26134E+03
    0.30569E-02    0.26550E+03
    0.31187E-02    0.26970E+03
    0.31817E-02    0.27395E+03
    0.32460E-02    0.27824E+03
    0.33115E-02    0.28257E+03
    0.33784E-02    0.28694E+03
    0.34467E-02    0.29135E+03
    0.35163E-02    0.29580E+03
    0.35874E-02    0.30030E+03
    0.36598E-02    0.30483E+03
    0.37338E-02    0.30939E+03
    0.38092E-02    0.31400E+03
    0.38861E-02    0.31864E+03
    0.39646E-02    0.32331E+03
    0.40447E-02    0.32802E+03
    0.41264E-02    0.33276E+03
    0.42098E-02    0.33753E+03
    0.42948E-02    0.34233E+03
    0.43816E-02    0.34716E+03
    0.44701E-02    0.35202E+03
    0.45604E-02    0.35690E+03
    0.46525E-02    0.36181E+03
    0.47465E-02    0.36674E+03
    0.48424E-02    0.37168E+03
    0.49402E-02    0.37665E+03
    0.50400E-02    0.38164E+03
    0.51419E-02    0.38664E+03
    0.52457E-02    0.39166E+03
    0.53517E-02    0.39669E+03
    0.54598E-02    0.40172E+03
    0.55701E-02    0.40677E+03
    0.56826E-02    0.41181E+03
    0.57974E-02    0.41686E+03
    0.59145E-02    0.42190E+03
    0.60340E-02    0.42693E+03
    0.61559E-02    0.43196E+03
    0.62803E-02    0.43698E+03
    0.64072E-02    0.44198E+03
    0.65366E-02    0.44697E+03
    0.66686E-02    0.45194E+03
    0.68033E-02    0.45689E+03
    0.69408E-02    0.46181E+03
    0.70810E-02    0.46670E+03
    0.72240E-02    0.47155E+03
    0.73700E-02    0.47637E+03
    0.75189E-02    0.48115E+03
    0.76708E-02    0.48588E+03
    0.78257E-02    0.49056E+03
    0.79838E-02    0.49518E+03
    0.81451E-02    0.49975E+03
    0.83096E-02    0.50426E+03
    0.84775E-02    0.50869E+03
    0.86488E-02    0.51306E+03
    0.88235E-02    0.51735E+03
    0.90017E-02    0.52156E+03
    0.91836E-02    0.52568E+03
    0.93691E-02    0.52971E+03
    0.95583E-02    0.53364E+03
    0.97514E-02    0.53747E+03
    0.99484E-02    0.54119E+03
    0.10149E-01    0.54480E+03
    0.10354E-01    0.54829E+03
    0.10564E-01    0.55165E+03
    0.10777E-01    0.55488E+03
    0.10995E-01    0.55798E+03
    0.11217E-01    0.56093E+03
    0.11443E-01    0.56372E+03
    0.11675E-01    0.56636E+03
    0.11910E-01    0.56884E+03
    0.12151E-01    0.57116E+03
    0.12397E-01    0.57330E+03
    0.12647E-01    0.57527E+03
    0.12902E-01    0.57706E+03
    0.13163E-01    0.57865E+03
    0.13429E-01    0.58002E+03
    0.13700E-01    0.58117E+03
    0.13977E-01    0.58209E+03
    0.14259E-01    0.58277E+03
    0.14547E-01    0.58324E+03
    0.14841E-01    0.58353E+03
    0.15141E-01    0.58366E+03
    0.15447E-01    0.58366E+03
    0.15759E-01    0.58349E+03
    0.16077E-01    0.58310E+03
    0.16402E-01    0.58246E+03
    0.16734E-01    0.58150E+03
    0.17072E-01    0.58019E+03
    0.17416E-01    0.57853E+03
    0.17768E-01    0.57655E+03
    0.18127E-01    0.57428E+03
    0.18493E-01    0.57175E+03
    0.18867E-01    0.56898E+03
    0.19248E-01    0.56595E+03
    0.19637E-01    0.56264E+03
    0.20034E-01    0.55902E+03
    0.20438E-01    0.55505E+03
    0.20851E-01    0.55072E+03
    0.21272E-01    0.54605E+03
    0.21702E-01    0.54107E+03
    0.22141E-01    0.53582E+03
    0.22588E-01    0.53035E+03
    0.23044E-01    0.52467E+03
    0.23510E-01    0.51879E+03
    0.23985E-01    0.51273E+03
    0.24469E-01    0.50649E+03
    0.24964E-01    0.50006E+03
    0.25468E-01    0.49345E+03
    0.25982E-01    0.48666E+03
    0.26507E-01    0.47969E+03
    0.27043E-01    0.47253E+03
    0.27589E-01    0.46519E+03
    0.28146E-01    0.45768E+03
    0.28715E-01    0.45000E+03
    0.29295E-01    0.44220E+03
    0.29887E-01    0.43428E+03
    0.30490E-01    0.42627E+03
    0.31106E-01    0.41819E+03
    0.31735E-01    0.41008E+03
    0.32376E-01    0.40197E+03
    0.33030E-01    0.39388E+03
    0.33697E-01    0.38584E+03
    0.34378E-01    0.37788E+03
    0.35072E-01    0.37002E+03
    0.35781E-01    0.36227E+03
    0.36504E-01    0.35466E+03
    0.37241E-01    0.34719E+03
    0.37993E-01    0.33988E+03
    0.38761E-01    0.33275E+03
    0.39544E-01    0.32580E+03
    0.40343E-01    0.31905E+03
    0.41158E-01    0.31250E+03
    0.41989E-01    0.30616E+03
    0.42838E-01    0.30007E+03
    0.43703E-01    0.29423E+03
    0.44586E-01    0.28867E+03
    0.45486E-01    0.28341E+03
    0.46405E-01    0.27844E+03
    0.47343E-01    0.27374E+03
    0.48299E-01    0.26928E+03
    0.49275E-01    0.26505E+03
    0.50270E-01    0.26101E+03
    0.51286E-01    0.25716E+03
    0.52322E-01    0.25346E+03
    0.53379E-01    0.24991E+03
    0.54457E-01    0.24648E+03
    0.55557E-01    0.24315E+03
    0.56680E-01    0.23988E+03
    0.57825E-01    0.23667E+03
    0.58993E-01    0.23347E+03
    0.60184E-01    0.23025E+03
    0.61400E-01    0.22697E+03
    0.62641E-01    0.22358E+03
    0.63906E-01    0.22004E+03
    0.65197E-01    0.21629E+03
    0.66514E-01    0.21229E+03
    0.67858E-01    0.20804E+03
    0.69229E-01    0.20359E+03
    0.70627E-01    0.19899E+03
    0.72054E-01    0.19419E+03
    0.73510E-01    0.18912E+03
    0.74994E-01    0.18370E+03
    0.76509E-01    0.17799E+03
    0.78055E-01    0.17212E+03
    0.79632E-01    0.16617E+03
    0.81241E-01    0.16019E+03
    0.82882E-01    0.15421E+03
    0.84556E-01    0.14829E+03
    0.86264E-01    0.14248E+03
    0.88007E-01    0.13685E+03
    0.89785E-01    0.13145E+03
    0.91598E-01    0.12633E+03
    0.93449E-01    0.12154E+03
    0.95337E-01    0.11713E+03
    0.97263E-01    0.11313E+03
    0.99227E-01    0.10956E+03
    0.10123E+00    0.10640E+03
    0.10328E+00    0.10366E+03
    0.10536E+00    0.10127E+03
    0.10749E+00    0.99202E+02
    0.10966E+00    0.97380E+02
    0.11188E+00    0.95725E+02
    0.11414E+00    0.94160E+02
    0.11644E+00    0.92603E+02
    0.11880E+00    0.90978E+02
    0.12120E+00    0.89215E+02
    0.12365E+00    0.87257E+02
    0.12614E+00    0.85065E+02
    0.12869E+00    0.82617E+02
    0.13129E+00    0.79917E+02
    0.13394E+00    0.76990E+02
    0.13665E+00    0.73883E+02
    0.13941E+00    0.70659E+02
    0.14223E+00    0.67400E+02
    0.14510E+00    0.64193E+02
    0.14803E+00    0.61135E+02
    0.15102E+00    0.58311E+02
    0.15407E+00    0.55786E+02
    0.15718E+00    0.53596E+02
    0.16036E+00    0.51741E+02
    0.16360E+00    0.50190E+02
    0.16690E+00    0.48892E+02
    0.17028E+00    0.47781E+02
    0.17371E+00    0.46784E+02
    0.17722E+00    0.45820E+02
    0.18080E+00    0.44802E+02
    0.18446E+00    0.43651E+02
    0.18818E+00    0.42319E+02
    0.19198E+00    0.40799E+02
    0.19586E+00    0.39126E+02
    0.19982E+00    0.37364E+02
    0.20386E+00    0.35585E+02
    0.20797E+00    0.33862E+02
    0.21218E+00    0.32265E+02
    0.21646E+00    0.30850E+02
    0.22083E+00    0.29642E+02
    0.22530E+00    0.28632E+02
    0.22985E+00    0.27782E+02
    0.23449E+00    0.27030E+02
    0.23923E+00    0.26310E+02
    0.24406E+00    0.25554E+02
    0.24899E+00    0.24716E+02
    0.25402E+00    0.23785E+02
    0.25915E+00    0.22780E+02
    0.26439E+00    0.21745E+02
    0.26973E+00    0.20731E+02
    0.27518E+00    0.19789E+02
    0.28074E+00    0.18953E+02
    0.28641E+00    0.18231E+02
    0.29219E+00    0.17603E+02
    0.29810E+00    0.17030E+02
    0.30412E+00    0.16470E+02
    0.31026E+00    0.15889E+02
    0.31653E+00    0.15271E+02
    0.32292E+00    0.14624E+02
    0.32945E+00    0.13976E+02
    0.33610E+00    0.13357E+02
    0.34289E+00    0.12789E+02
    0.34982E+00    0.12281E+02
    0.35689E+00    0.11820E+02
    0.36409E+00    0.11386E+02
    0.37145E+00    0.10957E+02
    0.37895E+00    0.10520E+02
    0.38661E+00    0.10076E+02
    0.39442E+00    0.96404E+01
    0.40239E+00    0.92261E+01
    0.41052E+00    0.88418E+01
    0.41881E+00    0.84869E+01
    0.42727E+00    0.81513E+01
    0.43590E+00    0.78244E+01
    0.44471E+00    0.75005E+01
    0.45369E+00    0.71811E+01
    0.46286E+00    0.68731E+01
    0.47221E+00    0.65818E+01
    0.48174E+00    0.63076E+01
    0.49148E+00    0.60472E+01
    0.50141E+00    0.57953E+01
    0.51153E+00    0.55496E+01
    0.52187E+00    0.53116E+01
    0.53241E+00    0.50835E+01
    0.54317E+00    0.48670E+01
    0.55414E+00    0.46606E+01
    0.56533E+00    0.44621E+01
    0.57675E+00    0.42702E+01
    0.58840E+00    0.40856E+01
    0.60029E+00    0.39088E+01
    0.61242E+00    0.37399E+01
    0.62479E+00    0.35781E+01
    0.63741E+00    0.34231E+01
    0.65029E+00    0.32743E+01
    0.66342E+00    0.31316E+01
    0.67683E+00    0.29948E+01
    0.69050E+00    0.28636E+01
    0.70445E+00    0.27379E+01
    0.71868E+00    0.26174E+01
    0.73320E+00    0.25019E+01
    0.74801E+00    0.23912E+01
    0.76312E+00    0.22852E+01
    0.77854E+00    0.21837E+01
    0.79426E+00    0.20865E+01
    0.81031E+00    0.19934E+01
    0.82668E+00    0.19043E+01
    0.84338E+00    0.18191E+01
    0.86041E+00    0.17375E+01
    0.87780E+00    0.16594E+01
    0.89553E+00    0.15847E+01
    0.91362E+00    0.15132E+01
    0.93208E+00    0.14448E+01
    0.95091E+00    0.13795E+01
    0.97011E+00    0.13169E+01
    0.98971E+00    0.12571E+01
    0.10097E+01    0.12000E+01
    0.10301E+01    0.11453E+01
    0.10509E+01    0.10931E+01
    0.10721E+01    0.10431E+01
    0.10938E+01    0.99536E+00
    0.11159E+01    0.94973E+00
    0.11384E+01    0.90613E+00
    0.11614E+01    0.86446E+00
    0.11849E+01    0.82464E+00
    0.12088E+01    0.78661E+00
    0.12333E+01    0.75027E+00
    0.12582E+01    0.71556E+00
    0.12836E+01    0.68240E+00
    0.13095E+01    0.65073E+00
    0.13360E+01    0.62049E+00
    0.13630E+01    0.59160E+00
    0.13905E+01    0.56402E+00
    0.14186E+01    0.53769E+00
    0.14472E+01    0.51254E+00
    0.14765E+01    0.48854E+00
    0.15063E+01    0.46562E+00
    0.15367E+01    0.44374E+00
    0.15678E+01    0.42286E+00
    0.15994E+01    0.40293E+00
    0.16318E+01    0.38392E+00
    0.16647E+01    0.36576E+00
    0.16984E+01    0.34844E+00
    0.17327E+01    0.33192E+00
    0.17677E+01    0.31615E+00
    0.18034E+01    0.30111E+00
    0.18398E+01    0.28677E+00
    0.18770E+01    0.27309E+00
    0.19149E+01    0.26006E+00
    0.19536E+01    0.24763E+00
    0.19930E+01    0.23578E+00
    0.20333E+01    0.22449E+00
    0.20744E+01    0.21373E+00
    0.21163E+01    0.20348E+00
    0.21590E+01    0.19372E+00
    0.22026E+01    0.18442E+00
    0.22471E+01    0.17557E+00
    0.22925E+01    0.16713E+00
    0.23388E+01    0.15911E+00
    0.23861E+01    0.15146E+00
