#          k/h    CDM            baryon         photon         nu             mass_nu        total          no_nu          total_de       Weyl           v_CDM          v_b            v_b-v_c     
   0.994668E-05   0.264260E+07   0.264260E+07   0.352326E+07   0.352325E+07   0.265244E+07   0.264265E+07   0.264260E+07   0.265206E+07  -0.600353E+00   0.263633E+07   0.263633E+07   0.458506E+01
   0.109829E-04   0.264260E+07   0.264260E+07   0.352321E+07   0.352321E+07   0.265244E+07   0.264265E+07   0.264260E+07   0.265206E+07  -0.600353E+00   0.263633E+07   0.263633E+07   0.506270E+01
   0.121272E-04   0.264260E+07   0.264260E+07   0.352315E+07   0.352315E+07   0.265244E+07   0.264265E+07   0.264260E+07   0.265206E+07  -0.600353E+00   0.263633E+07   0.263633E+07   0.559009E+01
   0.133906E-04   0.264260E+07   0.264260E+07   0.352308E+07   0.352308E+07   0.265243E+07   0.264265E+07   0.264260E+07   0.265206E+07  -0.600352E+00   0.263633E+07   0.263633E+07   0.617240E+01
   0.147857E-04   0.264260E+07   0.264260E+07   0.352300E+07   0.352299E+07   0.265242E+07   0.264264E+07   0.264260E+07   0.265206E+07  -0.600352E+00   0.263633E+07   0.263632E+07   0.681535E+01
   0.163261E-04   0.264260E+07   0.264260E+07   0.352289E+07   0.352289E+07   0.265241E+07   0.264264E+07   0.264260E+07   0.265206E+07  -0.600352E+00   0.263632E+07   0.263632E+07   0.752525E+01
   0.180270E-04   0.264260E+07   0.264260E+07   0.352277E+07   0.352276E+07   0.265240E+07   0.264264E+07   0.264260E+07   0.265205E+07  -0.600352E+00   0.263632E+07   0.263632E+07   0.830907E+01
   0.199051E-04   0.264259E+07   0.264259E+07   0.352261E+07   0.352260E+07   0.265239E+07   0.264264E+07   0.264259E+07   0.265205E+07  -0.600351E+00   0.263632E+07   0.263632E+07   0.917447E+01
   0.219788E-04   0.264259E+07   0.264259E+07   0.352243E+07   0.352241E+07   0.265238E+07   0.264264E+07   0.264259E+07   0.265205E+07  -0.600350E+00   0.263632E+07   0.263632E+07   0.101300E+02
   0.242687E-04   0.264259E+07   0.264259E+07   0.352220E+07   0.352218E+07   0.265236E+07   0.264264E+07   0.264259E+07   0.265205E+07  -0.600350E+00   0.263632E+07   0.263632E+07   0.111849E+02
   0.267970E-04   0.264259E+07   0.264259E+07   0.352192E+07   0.352190E+07   0.265234E+07   0.264263E+07   0.264259E+07   0.265204E+07  -0.600349E+00   0.263631E+07   0.263631E+07   0.123495E+02
   0.295888E-04   0.264258E+07   0.264258E+07   0.352158E+07   0.352155E+07   0.265231E+07   0.264263E+07   0.264258E+07   0.265204E+07  -0.600348E+00   0.263631E+07   0.263631E+07   0.136353E+02
   0.326714E-04   0.264258E+07   0.264258E+07   0.352117E+07   0.352113E+07   0.265227E+07   0.264263E+07   0.264258E+07   0.265203E+07  -0.600347E+00   0.263631E+07   0.263631E+07   0.150547E+02
   0.360752E-04   0.264257E+07   0.264257E+07   0.352066E+07   0.352062E+07   0.265223E+07   0.264262E+07   0.264257E+07   0.265203E+07  -0.600345E+00   0.263630E+07   0.263630E+07   0.166217E+02
   0.398336E-04   0.264257E+07   0.264257E+07   0.352004E+07   0.351999E+07   0.265218E+07   0.264261E+07   0.264257E+07   0.265202E+07  -0.600343E+00   0.263630E+07   0.263629E+07   0.183513E+02
   0.439836E-04   0.264256E+07   0.264256E+07   0.351929E+07   0.351923E+07   0.265212E+07   0.264261E+07   0.264256E+07   0.265201E+07  -0.600341E+00   0.263629E+07   0.263629E+07   0.202605E+02
   0.485659E-04   0.264255E+07   0.264255E+07   0.351838E+07   0.351830E+07   0.265205E+07   0.264260E+07   0.264255E+07   0.265200E+07  -0.600338E+00   0.263628E+07   0.263628E+07   0.223676E+02
   0.536256E-04   0.264254E+07   0.264254E+07   0.351726E+07   0.351717E+07   0.265196E+07   0.264258E+07   0.264254E+07   0.265198E+07  -0.600334E+00   0.263627E+07   0.263626E+07   0.246930E+02
   0.592125E-04   0.264253E+07   0.264253E+07   0.351591E+07   0.351579E+07   0.265185E+07   0.264257E+07   0.264253E+07   0.265196E+07  -0.600330E+00   0.263625E+07   0.263625E+07   0.272590E+02
   0.653814E-04   0.264251E+07   0.264251E+07   0.351425E+07   0.351411E+07   0.265171E+07   0.264255E+07   0.264251E+07   0.265194E+07  -0.600325E+00   0.263624E+07   0.263623E+07   0.300900E+02
   0.721930E-04   0.264249E+07   0.264249E+07   0.351223E+07   0.351206E+07   0.265155E+07   0.264253E+07   0.264249E+07   0.265192E+07  -0.600319E+00   0.263622E+07   0.263621E+07   0.332128E+02
   0.797142E-04   0.264246E+07   0.264246E+07   0.350977E+07   0.350956E+07   0.265135E+07   0.264251E+07   0.264246E+07   0.265188E+07  -0.600311E+00   0.263619E+07   0.263619E+07   0.366569E+02
   0.880190E-04   0.264243E+07   0.264243E+07   0.350678E+07   0.350652E+07   0.265111E+07   0.264248E+07   0.264243E+07   0.265184E+07  -0.600302E+00   0.263616E+07   0.263616E+07   0.404541E+02
   0.971891E-04   0.264240E+07   0.264240E+07   0.350313E+07   0.350282E+07   0.265081E+07   0.264244E+07   0.264240E+07   0.265180E+07  -0.600290E+00   0.263612E+07   0.263612E+07   0.446395E+02
   0.107314E-03   0.264235E+07   0.264235E+07   0.349868E+07   0.349830E+07   0.265045E+07   0.264239E+07   0.264235E+07   0.265174E+07  -0.600276E+00   0.263608E+07   0.263607E+07   0.492508E+02
   0.118495E-03   0.264230E+07   0.264230E+07   0.349327E+07   0.349281E+07   0.265001E+07   0.264233E+07   0.264230E+07   0.265167E+07  -0.600259E+00   0.263603E+07   0.263601E+07   0.543290E+02
   0.130840E-03   0.264223E+07   0.264223E+07   0.348668E+07   0.348612E+07   0.264947E+07   0.264227E+07   0.264223E+07   0.265158E+07  -0.600239E+00   0.263596E+07   0.263594E+07   0.599180E+02
   0.144471E-03   0.264215E+07   0.264215E+07   0.347867E+07   0.347798E+07   0.264881E+07   0.264218E+07   0.264215E+07   0.265147E+07  -0.600213E+00   0.263588E+07   0.263586E+07   0.660648E+02
   0.159522E-03   0.264205E+07   0.264205E+07   0.346891E+07   0.346808E+07   0.264801E+07   0.264208E+07   0.264205E+07   0.265135E+07  -0.600183E+00   0.263578E+07   0.263576E+07   0.728190E+02
   0.176142E-03   0.264193E+07   0.264192E+07   0.345706E+07   0.345605E+07   0.264704E+07   0.264195E+07   0.264193E+07   0.265119E+07  -0.600145E+00   0.263566E+07   0.263563E+07   0.802328E+02
   0.194493E-03   0.264178E+07   0.264178E+07   0.344266E+07   0.344143E+07   0.264586E+07   0.264180E+07   0.264178E+07   0.265100E+07  -0.600100E+00   0.263551E+07   0.263548E+07   0.883598E+02
   0.214755E-03   0.264161E+07   0.264160E+07   0.342518E+07   0.342369E+07   0.264441E+07   0.264162E+07   0.264160E+07   0.265077E+07  -0.600045E+00   0.263533E+07   0.263529E+07   0.972540E+02
   0.237129E-03   0.264139E+07   0.264138E+07   0.340397E+07   0.340217E+07   0.264266E+07   0.264139E+07   0.264139E+07   0.265048E+07  -0.599977E+00   0.263511E+07   0.263507E+07   0.106969E+03
   0.261834E-03   0.264112E+07   0.264111E+07   0.337828E+07   0.337611E+07   0.264052E+07   0.264112E+07   0.264112E+07   0.265014E+07  -0.599895E+00   0.263485E+07   0.263479E+07   0.117553E+03
   0.289112E-03   0.264080E+07   0.264078E+07   0.334721E+07   0.334458E+07   0.263792E+07   0.264078E+07   0.264080E+07   0.264972E+07  -0.599795E+00   0.263452E+07   0.263446E+07   0.129051E+03
   0.319233E-03   0.264041E+07   0.264038E+07   0.330968E+07   0.330652E+07   0.263475E+07   0.264038E+07   0.264040E+07   0.264922E+07  -0.599674E+00   0.263413E+07   0.263405E+07   0.141494E+03
   0.352491E-03   0.263993E+07   0.263990E+07   0.326446E+07   0.326065E+07   0.263090E+07   0.263988E+07   0.263992E+07   0.264860E+07  -0.599527E+00   0.263365E+07   0.263355E+07   0.154897E+03
   0.389215E-03   0.263935E+07   0.263931E+07   0.321011E+07   0.320554E+07   0.262623E+07   0.263928E+07   0.263934E+07   0.264785E+07  -0.599348E+00   0.263306E+07   0.263295E+07   0.169251E+03
   0.429764E-03   0.263864E+07   0.263860E+07   0.314498E+07   0.313953E+07   0.262056E+07   0.263855E+07   0.263863E+07   0.264694E+07  -0.599132E+00   0.263236E+07   0.263221E+07   0.184511E+03
   0.474538E-03   0.263778E+07   0.263773E+07   0.306725E+07   0.306078E+07   0.261367E+07   0.263766E+07   0.263777E+07   0.264585E+07  -0.598870E+00   0.263149E+07   0.263132E+07   0.200586E+03
   0.523976E-03   0.263674E+07   0.263668E+07   0.297491E+07   0.296727E+07   0.260534E+07   0.263658E+07   0.263673E+07   0.264452E+07  -0.598553E+00   0.263045E+07   0.263024E+07   0.217321E+03
   0.578566E-03   0.263548E+07   0.263541E+07   0.286587E+07   0.285690E+07   0.259526E+07   0.263527E+07   0.263547E+07   0.264292E+07  -0.598170E+00   0.262917E+07   0.262893E+07   0.234480E+03
   0.638842E-03   0.263395E+07   0.263386E+07   0.273801E+07   0.272758E+07   0.258304E+07   0.263369E+07   0.263393E+07   0.264100E+07  -0.597709E+00   0.262763E+07   0.262734E+07   0.251723E+03
   0.705398E-03   0.263210E+07   0.263200E+07   0.258942E+07   0.257741E+07   0.256836E+07   0.263178E+07   0.263208E+07   0.263869E+07  -0.597156E+00   0.262577E+07   0.262543E+07   0.268585E+03
   0.778888E-03   0.262987E+07   0.262975E+07   0.241860E+07   0.240495E+07   0.255073E+07   0.262947E+07   0.262985E+07   0.263592E+07  -0.596493E+00   0.262352E+07   0.262312E+07   0.284456E+03
   0.860035E-03   0.262718E+07   0.262704E+07   0.222488E+07   0.220960E+07   0.252960E+07   0.262669E+07   0.262716E+07   0.263262E+07  -0.595701E+00   0.262080E+07   0.262033E+07   0.298565E+03
   0.949635E-03   0.262395E+07   0.262378E+07   0.200887E+07   0.199209E+07   0.250438E+07   0.262335E+07   0.262392E+07   0.262871E+07  -0.594761E+00   0.261752E+07   0.261699E+07   0.309983E+03
   0.104857E-02   0.262008E+07   0.261988E+07   0.177303E+07   0.175503E+07   0.247440E+07   0.261935E+07   0.262005E+07   0.262408E+07  -0.593648E+00   0.261359E+07   0.261300E+07   0.317649E+03
   0.115781E-02   0.261546E+07   0.261522E+07   0.152233E+07   0.150354E+07   0.243898E+07   0.261458E+07   0.261542E+07   0.261863E+07  -0.592340E+00   0.260889E+07   0.260822E+07   0.320441E+03
   0.127844E-02   0.260997E+07   0.260968E+07   0.126469E+07   0.124571E+07   0.239731E+07   0.260891E+07   0.260992E+07   0.261227E+07  -0.590810E+00   0.260329E+07   0.260256E+07   0.317305E+03
   0.141163E-02   0.260347E+07   0.260313E+07   0.101121E+07   0.992714E+06   0.234879E+07   0.260220E+07   0.260341E+07   0.260489E+07  -0.589036E+00   0.259664E+07   0.259585E+07   0.307457E+03
   0.155869E-02   0.259581E+07   0.259541E+07   0.775642E+06   0.758244E+06   0.229297E+07   0.259430E+07   0.259574E+07   0.259636E+07  -0.586991E+00   0.258878E+07   0.258797E+07   0.290654E+03
   0.172108E-02   0.258684E+07   0.258638E+07   0.572722E+06   0.556767E+06   0.222939E+07   0.258506E+07   0.258676E+07   0.258658E+07  -0.584652E+00   0.257957E+07   0.257874E+07   0.267505E+03
   0.190039E-02   0.257640E+07   0.257587E+07   0.415224E+06   0.400501E+06   0.215792E+07   0.257432E+07   0.257631E+07   0.257542E+07  -0.581997E+00   0.256883E+07   0.256801E+07   0.239717E+03
   0.209838E-02   0.256434E+07   0.256371E+07   0.309766E+06   0.295341E+06   0.207883E+07   0.256193E+07   0.256423E+07   0.256274E+07  -0.579002E+00   0.255640E+07   0.255560E+07   0.210135E+03
   0.231699E-02   0.255049E+07   0.254975E+07   0.252667E+06   0.237028E+06   0.199289E+07   0.254771E+07   0.255036E+07   0.254837E+07  -0.575639E+00   0.254213E+07   0.254137E+07   0.182346E+03
   0.255838E-02   0.253468E+07   0.253381E+07   0.228298E+06   0.210061E+06   0.190139E+07   0.253153E+07   0.253454E+07   0.253212E+07  -0.571874E+00   0.252588E+07   0.252515E+07   0.159727E+03
   0.282492E-02   0.251677E+07   0.251573E+07   0.213080E+06   0.192238E+06   0.180612E+07   0.251321E+07   0.251659E+07   0.251377E+07  -0.567663E+00   0.250752E+07   0.250679E+07   0.144051E+03
   0.311923E-02   0.249657E+07   0.249533E+07   0.186442E+06   0.165473E+06   0.170919E+07   0.249262E+07   0.249636E+07   0.249310E+07  -0.562956E+00   0.248690E+07   0.248614E+07   0.134320E+03
   0.344419E-02   0.247392E+07   0.247243E+07   0.144173E+06   0.127577E+06   0.161263E+07   0.246958E+07   0.247367E+07   0.246995E+07  -0.557704E+00   0.246387E+07   0.246308E+07   0.126943E+03
   0.380302E-02   0.244864E+07   0.244685E+07   0.102170E+06   0.934240E+05   0.151805E+07   0.244391E+07   0.244834E+07   0.244418E+07  -0.551861E+00   0.243825E+07   0.243745E+07   0.118063E+03
   0.419923E-02   0.242055E+07   0.241840E+07   0.800600E+05   0.778342E+05   0.142625E+07   0.241546E+07   0.242019E+07   0.241567E+07  -0.545394E+00   0.240988E+07   0.240907E+07   0.106904E+03
   0.463671E-02   0.238947E+07   0.238690E+07   0.756402E+05   0.676429E+05   0.133714E+07   0.238404E+07   0.238904E+07   0.238423E+07  -0.538269E+00   0.237854E+07   0.237774E+07   0.965946E+02
   0.511978E-02   0.235525E+07   0.235216E+07   0.662284E+05   0.546814E+05   0.125012E+07   0.234948E+07   0.235473E+07   0.234965E+07  -0.530444E+00   0.234410E+07   0.234327E+07   0.899829E+02
   0.565317E-02   0.231781E+07   0.231410E+07   0.466336E+05   0.441311E+05   0.116105E+07   0.231168E+07   0.231718E+07   0.231181E+07  -0.521891E+00   0.230647E+07   0.230561E+07   0.851981E+02
   0.624213E-02   0.227680E+07   0.227235E+07   0.376119E+05   0.355495E+05   0.107191E+07   0.227032E+07   0.227605E+07   0.227042E+07  -0.512535E+00   0.226529E+07   0.226440E+07   0.792213E+02
   0.689245E-02   0.223213E+07   0.222679E+07   0.358521E+05   0.285786E+05   0.982204E+06   0.222529E+07   0.223123E+07   0.222538E+07  -0.502357E+00   0.222046E+07   0.221955E+07   0.739183E+02
   0.761052E-02   0.218363E+07   0.217725E+07   0.255958E+05   0.229246E+05   0.891066E+06   0.217642E+07   0.218256E+07   0.217648E+07  -0.491313E+00   0.217181E+07   0.217084E+07   0.706286E+02
   0.840340E-02   0.213112E+07   0.212348E+07   0.218603E+05   0.183447E+05   0.801665E+06   0.212352E+07   0.212984E+07   0.212358E+07  -0.479362E+00   0.211915E+07   0.211813E+07   0.670541E+02
   0.927889E-02   0.207443E+07   0.206532E+07   0.174967E+05   0.146410E+05   0.717660E+06   0.206645E+07   0.207290E+07   0.206650E+07  -0.466473E+00   0.206231E+07   0.206123E+07   0.643384E+02
   0.102456E-01   0.201340E+07   0.200257E+07   0.145107E+05   0.116509E+05   0.640464E+06   0.200506E+07   0.201158E+07   0.200510E+07  -0.452609E+00   0.200116E+07   0.200001E+07   0.621131E+02
   0.113130E-01   0.194790E+07   0.193505E+07   0.107948E+05   0.924121E+04   0.566000E+06   0.193918E+07   0.194574E+07   0.193920E+07  -0.437731E+00   0.193552E+07   0.193429E+07   0.603371E+02
   0.124916E-01   0.187775E+07   0.186259E+07   0.978679E+04   0.730310E+04   0.493696E+06   0.186864E+07   0.187521E+07   0.186866E+07  -0.421805E+00   0.186524E+07   0.186391E+07   0.588486E+02
   0.137930E-01   0.180286E+07   0.178505E+07   0.653378E+04   0.574807E+04   0.428146E+06   0.179335E+07   0.179987E+07   0.179336E+07  -0.404806E+00   0.179020E+07   0.178876E+07   0.577513E+02
   0.152300E-01   0.172315E+07   0.170236E+07   0.556131E+04   0.450344E+04   0.368719E+06   0.171324E+07   0.171966E+07   0.171325E+07  -0.386721E+00   0.171034E+07   0.170879E+07   0.567326E+02
   0.168167E-01   0.164055E+07   0.161645E+07   0.446939E+04   0.351426E+04   0.313935E+06   0.163021E+07   0.163650E+07   0.163022E+07  -0.367977E+00   0.162757E+07   0.162588E+07   0.558132E+02
   0.185687E-01   0.155180E+07   0.152413E+07   0.350140E+04   0.272440E+04   0.264529E+06   0.154105E+07   0.154715E+07   0.154106E+07  -0.347851E+00   0.153866E+07   0.153683E+07   0.548021E+02
   0.205033E-01   0.145882E+07   0.142741E+07   0.298075E+04   0.209888E+04   0.220644E+06   0.144768E+07   0.145355E+07   0.144769E+07  -0.326774E+00   0.144554E+07   0.144357E+07   0.535530E+02
   0.226393E-01   0.136085E+07   0.132568E+07   0.206805E+04   0.160437E+04   0.181766E+06   0.134936E+07   0.135494E+07   0.134937E+07  -0.304580E+00   0.134746E+07   0.134535E+07   0.519165E+02
   0.249980E-01   0.126136E+07   0.122265E+07   0.146471E+04   0.121843E+04   0.148074E+06   0.124959E+07   0.125486E+07   0.124960E+07  -0.282059E+00   0.124793E+07   0.124569E+07   0.497067E+02
   0.276023E-01   0.116149E+07   0.111976E+07   0.113512E+04   0.919223E+03   0.119511E+06   0.114956E+07   0.115448E+07   0.114956E+07  -0.259478E+00   0.114811E+07   0.114578E+07   0.467655E+02
   0.304780E-01   0.106163E+07   0.101780E+07   0.814464E+03   0.688367E+03   0.953201E+05   0.104971E+07   0.105427E+07   0.104971E+07  -0.236939E+00   0.104845E+07   0.104610E+07   0.429688E+02
   0.336533E-01   0.964437E+06   0.919864E+06   0.668200E+03   0.512394E+03   0.751988E+05   0.952759E+06   0.956953E+06   0.952760E+06  -0.215056E+00   0.951677E+06   0.949360E+06   0.382575E+02
   0.371593E-01   0.873374E+06   0.829808E+06   0.477897E+03   0.380297E+03   0.590350E+05   0.862221E+06   0.866059E+06   0.862222E+06  -0.194620E+00   0.861278E+06   0.859091E+06   0.326999E+02
   0.410307E-01   0.790658E+06   0.750124E+06   0.360403E+03   0.282289E+03   0.461401E+05   0.780344E+06   0.783853E+06   0.780344E+06  -0.176138E+00   0.779504E+06   0.777546E+06   0.265104E+02
   0.451338E-01   0.720513E+06   0.684779E+06   0.255145E+03   0.212658E+03   0.364233E+05   0.711288E+06   0.714513E+06   0.711288E+06  -0.160551E+00   0.710513E+06   0.708861E+06   0.203384E+02
   0.492368E-01   0.665650E+06   0.635558E+06   0.198231E+03   0.165215E+03   0.294497E+05   0.657595E+06   0.660597E+06   0.657596E+06  -0.148431E+00   0.656856E+06   0.655531E+06   0.149480E+02
   0.533399E-01   0.621371E+06   0.596947E+06   0.157845E+03   0.131551E+03   0.242724E+05   0.614449E+06   0.617270E+06   0.614450E+06  -0.138692E+00   0.613730E+06   0.612712E+06   0.105960E+02
   0.574430E-01   0.584128E+06   0.564701E+06   0.128088E+03   0.106747E+03   0.202981E+05   0.578199E+06   0.580866E+06   0.578200E+06  -0.130510E+00   0.577496E+06   0.576733E+06   0.738411E+01
   0.615460E-01   0.551224E+06   0.535640E+06   0.105390E+03   0.878291E+02   0.171712E+05   0.546080E+06   0.548607E+06   0.546080E+06  -0.123260E+00   0.545398E+06   0.544814E+06   0.527324E+01
   0.656491E-01   0.520256E+06   0.507129E+06   0.874715E+02   0.728951E+02   0.145834E+05   0.515658E+06   0.518052E+06   0.515658E+06  -0.116393E+00   0.515007E+06   0.514521E+06   0.411333E+01
   0.697522E-01   0.489691E+06   0.477657E+06   0.729374E+02   0.607828E+02   0.124416E+05   0.485410E+06   0.487670E+06   0.485410E+06  -0.109566E+00   0.484801E+06   0.484339E+06   0.368413E+01
   0.738552E-01   0.459755E+06   0.447680E+06   0.610591E+02   0.508844E+02   0.106112E+05   0.455601E+06   0.457727E+06   0.455601E+06  -0.102837E+00   0.455042E+06   0.454546E+06   0.373867E+01
   0.779583E-01   0.429513E+06   0.416638E+06   0.511582E+02   0.426341E+02   0.904910E+04   0.425362E+06   0.427351E+06   0.425362E+06  -0.960118E-01   0.424859E+06   0.424294E+06   0.403015E+01
   0.820614E-01   0.400380E+06   0.386376E+06   0.429963E+02   0.358330E+02   0.772754E+04   0.396172E+06   0.398029E+06   0.396172E+06  -0.894232E-01   0.395726E+06   0.395082E+06   0.435683E+01
   0.861644E-01   0.373150E+06   0.358095E+06   0.363086E+02   0.302602E+02   0.662125E+04   0.368891E+06   0.370622E+06   0.368891E+06  -0.832652E-01   0.368494E+06   0.367785E+06   0.457142E+01
   0.912856E-01   0.342848E+06   0.327060E+06   0.296894E+02   0.247442E+02   0.550277E+04   0.338605E+06   0.340197E+06   0.338605E+06  -0.764293E-01   0.338259E+06   0.337510E+06   0.456120E+01
   0.964067E-01   0.317536E+06   0.301957E+06   0.246396E+02   0.205357E+02   0.463474E+04   0.313444E+06   0.314920E+06   0.313445E+06  -0.707500E-01   0.313132E+06   0.312400E+06   0.421798E+01
   0.101528E+00   0.297517E+06   0.283092E+06   0.208185E+02   0.173509E+02   0.396834E+04   0.293710E+06   0.295095E+06   0.293710E+06  -0.662957E-01   0.293414E+06   0.292753E+06   0.361814E+01
   0.106649E+00   0.282056E+06   0.269457E+06   0.179000E+02   0.149181E+02   0.345157E+04   0.278625E+06   0.279940E+06   0.278625E+06  -0.628906E-01   0.278333E+06   0.277777E+06   0.289701E+01
   0.111770E+00   0.269692E+06   0.259172E+06   0.155999E+02   0.130008E+02   0.303957E+04   0.266666E+06   0.267926E+06   0.266666E+06  -0.601912E-01   0.266372E+06   0.265930E+06   0.219841E+01
   0.116891E+00   0.258836E+06   0.250214E+06   0.137037E+02   0.114202E+02   0.269619E+04   0.256177E+06   0.257389E+06   0.256177E+06  -0.578238E-01   0.255882E+06   0.255538E+06   0.163497E+01
   0.122012E+00   0.248232E+06   0.240998E+06   0.120717E+02   0.100600E+02   0.239671E+04   0.245854E+06   0.247017E+06   0.245854E+06  -0.554935E-01   0.245562E+06   0.245284E+06   0.126647E+01
   0.127134E+00   0.237129E+06   0.230624E+06   0.106247E+02   0.885407E+01   0.212674E+04   0.234924E+06   0.236037E+06   0.234924E+06  -0.530266E-01   0.234644E+06   0.234393E+06   0.109637E+01
   0.132255E+00   0.225314E+06   0.218912E+06   0.932672E+01   0.777244E+01   0.188110E+04   0.223182E+06   0.224239E+06   0.223182E+06  -0.503761E-01   0.222919E+06   0.222661E+06   0.108319E+01
   0.137376E+00   0.213018E+06   0.206278E+06   0.816737E+01   0.680642E+01   0.165874E+04   0.210887E+06   0.211886E+06   0.210887E+06  -0.476008E-01   0.210646E+06   0.210359E+06   0.116037E+01
   0.142497E+00   0.200762E+06   0.193502E+06   0.714783E+01   0.595689E+01   0.146089E+04   0.198601E+06   0.199543E+06   0.198601E+06  -0.448277E-01   0.198383E+06   0.198060E+06   0.125789E+01
   0.147618E+00   0.189207E+06   0.181501E+06   0.627162E+01   0.522678E+01   0.128940E+04   0.187025E+06   0.187913E+06   0.187025E+06  -0.422149E-01   0.186828E+06   0.186478E+06   0.131972E+01
   0.152739E+00   0.178977E+06   0.171090E+06   0.553783E+01   0.461530E+01   0.114487E+04   0.176813E+06   0.177652E+06   0.176813E+06  -0.399098E-01   0.176632E+06   0.176270E+06   0.131407E+01
   0.157860E+00   0.170416E+06   0.162697E+06   0.493526E+01   0.411312E+01   0.102567E+04   0.168320E+06   0.169120E+06   0.168321E+06  -0.379929E-01   0.168149E+06   0.167798E+06   0.123544E+01
   0.162982E+00   0.163466E+06   0.156239E+06   0.444212E+01   0.370210E+01   0.927509E+03   0.161485E+06   0.162252E+06   0.161485E+06  -0.364501E-01   0.161319E+06   0.160996E+06   0.109999E+01
   0.168103E+00   0.157778E+06   0.151259E+06   0.403257E+01   0.336073E+01   0.845567E+03   0.155943E+06   0.156684E+06   0.155943E+06  -0.351990E-01   0.155777E+06   0.155494E+06   0.936499E+00
   0.173224E+00   0.152911E+06   0.147165E+06   0.368317E+01   0.306948E+01   0.775346E+03   0.151227E+06   0.151946E+06   0.151227E+06  -0.341347E-01   0.151062E+06   0.150820E+06   0.776260E+00
   0.178345E+00   0.148414E+06   0.143357E+06   0.337474E+01   0.281240E+01   0.713091E+03   0.146866E+06   0.147565E+06   0.146866E+06  -0.331503E-01   0.146701E+06   0.146494E+06   0.644586E+00
   0.183466E+00   0.143868E+06   0.139312E+06   0.309270E+01   0.257732E+01   0.655684E+03   0.142425E+06   0.143103E+06   0.142425E+06  -0.321479E-01   0.142262E+06   0.142079E+06   0.555697E+00
   0.188587E+00   0.139003E+06   0.134715E+06   0.282845E+01   0.235710E+01   0.601563E+03   0.137628E+06   0.138283E+06   0.137628E+06  -0.310650E-01   0.137470E+06   0.137296E+06   0.511402E+00
   0.193708E+00   0.133788E+06   0.129551E+06   0.257986E+01   0.214995E+01   0.550433E+03   0.132446E+06   0.133076E+06   0.132446E+06  -0.298954E-01   0.132295E+06   0.132120E+06   0.503105E+00
   0.198830E+00   0.128387E+06   0.124053E+06   0.234887E+01   0.195747E+01   0.502662E+03   0.127054E+06   0.127659E+06   0.127054E+06  -0.286784E-01   0.126912E+06   0.126728E+06   0.515982E+00
   0.203951E+00   0.123032E+06   0.118545E+06   0.213815E+01   0.178189E+01   0.458860E+03   0.121699E+06   0.122279E+06   0.121699E+06  -0.274697E-01   0.121567E+06   0.121371E+06   0.533826E+00
   0.209072E+00   0.117952E+06   0.113341E+06   0.194970E+01   0.162486E+01   0.419512E+03   0.116623E+06   0.117178E+06   0.116623E+06  -0.263238E-01   0.116499E+06   0.116294E+06   0.543231E+00
   0.214193E+00   0.113342E+06   0.108702E+06   0.178435E+01   0.148707E+01   0.384930E+03   0.112029E+06   0.112563E+06   0.112029E+06  -0.252870E-01   0.111912E+06   0.111705E+06   0.536220E+00
   0.219314E+00   0.109317E+06   0.104771E+06   0.164136E+01   0.136790E+01   0.354934E+03   0.108039E+06   0.108554E+06   0.108039E+06  -0.243864E-01   0.107926E+06   0.107725E+06   0.511033E+00
   0.224435E+00   0.105876E+06   0.101538E+06   0.151816E+01   0.126522E+01   0.328994E+03   0.104649E+06   0.105148E+06   0.104649E+06  -0.236212E-01   0.104539E+06   0.104349E+06   0.471246E+00
   0.229556E+00   0.102912E+06   0.988588E+05   0.141099E+01   0.117590E+01   0.306282E+03   0.101747E+06   0.102232E+06   0.101747E+06  -0.229661E-01   0.101638E+06   0.101463E+06   0.423765E+00
   0.234678E+00   0.100264E+06   0.965187E+05   0.131585E+01   0.109660E+01   0.286117E+03   0.991623E+05   0.996348E+05   0.991623E+05  -0.223827E-01   0.990544E+05   0.988954E+05   0.376419E+00
   0.239799E+00   0.977566E+05   0.942930E+05   0.122918E+01   0.102437E+01   0.267781E+03   0.967141E+05   0.971750E+05   0.967141E+05  -0.218301E-01   0.966072E+05   0.964623E+05   0.335839E+00
   0.244920E+00   0.952434E+05   0.919961E+05   0.114832E+01   0.956967E+00   0.250623E+03   0.942489E+05   0.946982E+05   0.942489E+05  -0.212737E-01   0.941437E+05   0.940088E+05   0.306044E+00
   0.250041E+00   0.926369E+05   0.895240E+05   0.107170E+01   0.893120E+00   0.234299E+03   0.916772E+05   0.921142E+05   0.916772E+05  -0.206932E-01   0.915746E+05   0.914450E+05   0.287948E+00
   0.255162E+00   0.899262E+05   0.868708E+05   0.998927E+00   0.832472E+00   0.218734E+03   0.889889E+05   0.894132E+05   0.889889E+05  -0.200864E-01   0.888898E+05   0.887614E+05   0.279715E+00
   0.260283E+00   0.871599E+05   0.841067E+05   0.930282E+00   0.775270E+00   0.204010E+03   0.862361E+05   0.866472E+05   0.862361E+05  -0.194650E-01   0.861410E+05   0.860109E+05   0.277731E+00
   0.265404E+00   0.844155E+05   0.813404E+05   0.866321E+00   0.721972E+00   0.190226E+03   0.835010E+05   0.838992E+05   0.835010E+05  -0.188477E-01   0.834101E+05   0.832774E+05   0.277818E+00
   0.270526E+00   0.817779E+05   0.786873E+05   0.807567E+00   0.673011E+00   0.177549E+03   0.808733E+05   0.812590E+05   0.808733E+05  -0.182545E-01   0.807863E+05   0.806517E+05   0.276333E+00
   0.275647E+00   0.793214E+05   0.762451E+05   0.754330E+00   0.628648E+00   0.166049E+03   0.784308E+05   0.788049E+05   0.784308E+05  -0.177032E-01   0.783470E+05   0.782126E+05   0.270923E+00
   0.280768E+00   0.770900E+05   0.740693E+05   0.706558E+00   0.588835E+00   0.155741E+03   0.762193E+05   0.765828E+05   0.762193E+05  -0.172040E-01   0.761381E+05   0.760063E+05   0.260823E+00
   0.285889E+00   0.750858E+05   0.721604E+05   0.663784E+00   0.553187E+00   0.146492E+03   0.742405E+05   0.745946E+05   0.742405E+05  -0.167574E-01   0.741612E+05   0.740342E+05   0.246725E+00
   0.291010E+00   0.732741E+05   0.704719E+05   0.625257E+00   0.521078E+00   0.138143E+03   0.724580E+05   0.728036E+05   0.724580E+05  -0.163550E-01   0.723800E+05   0.722594E+05   0.230314E+00
   0.296131E+00   0.716007E+05   0.689326E+05   0.590141E+00   0.491810E+00   0.130524E+03   0.708149E+05   0.711527E+05   0.708149E+05  -0.159842E-01   0.707381E+05   0.706242E+05   0.213661E+00
   0.301252E+00   0.700067E+05   0.674654E+05   0.557654E+00   0.464734E+00   0.123458E+03   0.692496E+05   0.695800E+05   0.692496E+05  -0.156309E-01   0.691739E+05   0.690662E+05   0.198626E+00
   0.306374E+00   0.684391E+05   0.660036E+05   0.527166E+00   0.439325E+00   0.116800E+03   0.677071E+05   0.680302E+05   0.677071E+05  -0.152827E-01   0.676327E+05   0.675299E+05   0.186451E+00
   0.311495E+00   0.668624E+05   0.645047E+05   0.498255E+00   0.415231E+00   0.110494E+03   0.661509E+05   0.664665E+05   0.661509E+05  -0.149314E-01   0.660780E+05   0.659785E+05   0.177569E+00
   0.316616E+00   0.652655E+05   0.629577E+05   0.470740E+00   0.392301E+00   0.104489E+03   0.645699E+05   0.648780E+05   0.645699E+05  -0.145746E-01   0.644989E+05   0.644011E+05   0.171648E+00
   0.321737E+00   0.636608E+05   0.613813E+05   0.444626E+00   0.370539E+00   0.987613E+02   0.629776E+05   0.632781E+05   0.629776E+05  -0.142151E-01   0.629086E+05   0.628114E+05   0.167809E+00
   0.326858E+00   0.620746E+05   0.598122E+05   0.420016E+00   0.350031E+00   0.933594E+02   0.614018E+05   0.616948E+05   0.614018E+05  -0.138595E-01   0.613349E+05   0.612379E+05   0.164932E+00
   0.331979E+00   0.605370E+05   0.582908E+05   0.397022E+00   0.330869E+00   0.883252E+02   0.598741E+05   0.601598E+05   0.598741E+05  -0.135146E-01   0.598093E+05   0.597125E+05   0.161967E+00
   0.337100E+00   0.590732E+05   0.568512E+05   0.375703E+00   0.313103E+00   0.836756E+02   0.584213E+05   0.587001E+05   0.584213E+05  -0.131867E-01   0.583583E+05   0.582623E+05   0.158167E+00
   0.342222E+00   0.576992E+05   0.555142E+05   0.356047E+00   0.296722E+00   0.793616E+02   0.570600E+05   0.573323E+05   0.570600E+05  -0.128794E-01   0.569986E+05   0.569042E+05   0.153201E+00
   0.347343E+00   0.564186E+05   0.542839E+05   0.337957E+00   0.281646E+00   0.753673E+02   0.557938E+05   0.560601E+05   0.557938E+05  -0.125937E-01   0.557338E+05   0.556418E+05   0.147151E+00
   0.352464E+00   0.552228E+05   0.531486E+05   0.321268E+00   0.267738E+00   0.716721E+02   0.546139E+05   0.548745E+05   0.546139E+05  -0.123273E-01   0.545549E+05   0.544658E+05   0.140405E+00
   0.357585E+00   0.540947E+05   0.520857E+05   0.305781E+00   0.254831E+00   0.682618E+02   0.535020E+05   0.537574E+05   0.535020E+05  -0.120764E-01   0.534440E+05   0.533581E+05   0.133508E+00
   0.362706E+00   0.530139E+05   0.510688E+05   0.291294E+00   0.242757E+00   0.650681E+02   0.524370E+05   0.526873E+05   0.524370E+05  -0.118360E-01   0.523799E+05   0.522970E+05   0.126995E+00
   0.367827E+00   0.519614E+05   0.500738E+05   0.277635E+00   0.231374E+00   0.620461E+02   0.513991E+05   0.516444E+05   0.513991E+05  -0.116017E-01   0.513430E+05   0.512627E+05   0.121266E+00
   0.372948E+00   0.509229E+05   0.490834E+05   0.264675E+00   0.220573E+00   0.591894E+02   0.503736E+05   0.506141E+05   0.503736E+05  -0.113702E-01   0.503186E+05   0.502404E+05   0.116508E+00
   0.378070E+00   0.498912E+05   0.480896E+05   0.252336E+00   0.210290E+00   0.564749E+02   0.493531E+05   0.495887E+05   0.493531E+05  -0.111399E-01   0.492992E+05   0.492225E+05   0.112691E+00
   0.383191E+00   0.488670E+05   0.470950E+05   0.240587E+00   0.200499E+00   0.538791E+02   0.483387E+05   0.485695E+05   0.483387E+05  -0.109109E-01   0.482860E+05   0.482104E+05   0.109613E+00
   0.388312E+00   0.478588E+05   0.461108E+05   0.229437E+00   0.191207E+00   0.513916E+02   0.473393E+05   0.475653E+05   0.473393E+05  -0.106853E-01   0.472878E+05   0.472131E+05   0.106977E+00
   0.393433E+00   0.468763E+05   0.451505E+05   0.218902E+00   0.182428E+00   0.490462E+02   0.463652E+05   0.465865E+05   0.463652E+05  -0.104654E-01   0.463149E+05   0.462409E+05   0.104479E+00
   0.398554E+00   0.459274E+05   0.442251E+05   0.208985E+00   0.174163E+00   0.468469E+02   0.454247E+05   0.456416E+05   0.454247E+05  -0.102532E-01   0.453756E+05   0.453025E+05   0.101874E+00
   0.403675E+00   0.450175E+05   0.433421E+05   0.199675E+00   0.166404E+00   0.447896E+02   0.445237E+05   0.447362E+05   0.445237E+05  -0.100498E-01   0.444755E+05   0.444036E+05   0.990269E-01
   0.408796E+00   0.441495E+05   0.425050E+05   0.190948E+00   0.159131E+00   0.428474E+02   0.436649E+05   0.438734E+05   0.436649E+05  -0.985594E-02   0.436177E+05   0.435471E+05   0.959154E-01
   0.413918E+00   0.433224E+05   0.417123E+05   0.182766E+00   0.152313E+00   0.410246E+02   0.428475E+05   0.430521E+05   0.428475E+05  -0.967143E-02   0.428011E+05   0.427321E+05   0.926171E-01
   0.419039E+00   0.425310E+05   0.409573E+05   0.175074E+00   0.145902E+00   0.393199E+02   0.420659E+05   0.422668E+05   0.420659E+05  -0.949502E-02   0.420203E+05   0.419530E+05   0.892688E-01
   0.424160E+00   0.417677E+05   0.402302E+05   0.167811E+00   0.139850E+00   0.377091E+02   0.413123E+05   0.415096E+05   0.413123E+05  -0.932492E-02   0.412675E+05   0.412018E+05   0.860211E-01
   0.429281E+00   0.410257E+05   0.395226E+05   0.160926E+00   0.134112E+00   0.361745E+02   0.405796E+05   0.407733E+05   0.405796E+05  -0.915952E-02   0.405354E+05   0.404713E+05   0.829995E-01
   0.434402E+00   0.402999E+05   0.388280E+05   0.154377E+00   0.128654E+00   0.347101E+02   0.398624E+05   0.400527E+05   0.398624E+05  -0.899764E-02   0.398190E+05   0.397562E+05   0.802787E-01
   0.439523E+00   0.395869E+05   0.381426E+05   0.148134E+00   0.123451E+00   0.333181E+02   0.391574E+05   0.393443E+05   0.391574E+05  -0.883851E-02   0.391148E+05   0.390532E+05   0.778731E-01
   0.444644E+00   0.388852E+05   0.374651E+05   0.142174E+00   0.118484E+00   0.319826E+02   0.384631E+05   0.386467E+05   0.384631E+05  -0.868179E-02   0.384212E+05   0.383606E+05   0.757432E-01
   0.449766E+00   0.381957E+05   0.367974E+05   0.136489E+00   0.113747E+00   0.307110E+02   0.377805E+05   0.379610E+05   0.377805E+05  -0.852774E-02   0.377395E+05   0.376797E+05   0.738138E-01
   0.454887E+00   0.375215E+05   0.361433E+05   0.131075E+00   0.109234E+00   0.295027E+02   0.371128E+05   0.372901E+05   0.371128E+05  -0.837703E-02   0.370726E+05   0.370136E+05   0.719975E-01
   0.460008E+00   0.368655E+05   0.355074E+05   0.125929E+00   0.104946E+00   0.283614E+02   0.364634E+05   0.366375E+05   0.364634E+05  -0.823043E-02   0.364238E+05   0.363657E+05   0.702166E-01
   0.465129E+00   0.362301E+05   0.348925E+05   0.121047E+00   0.100877E+00   0.272762E+02   0.358344E+05   0.360055E+05   0.358344E+05  -0.808846E-02   0.357956E+05   0.357383E+05   0.684179E-01
   0.470250E+00   0.356159E+05   0.342996E+05   0.116416E+00   0.970182E-01   0.262395E+02   0.352266E+05   0.353949E+05   0.352266E+05  -0.795128E-02   0.351885E+05   0.351321E+05   0.665799E-01
   0.475371E+00   0.350222E+05   0.337284E+05   0.112022E+00   0.933568E-01   0.252513E+02   0.346395E+05   0.348050E+05   0.346395E+05  -0.781875E-02   0.346020E+05   0.345466E+05   0.647106E-01
   0.480492E+00   0.344479E+05   0.331771E+05   0.107851E+00   0.898800E-01   0.243139E+02   0.340718E+05   0.342346E+05   0.340718E+05  -0.769062E-02   0.340349E+05   0.339806E+05   0.628399E-01
   0.485614E+00   0.338914E+05   0.326436E+05   0.103883E+00   0.865738E-01   0.234238E+02   0.335218E+05   0.336819E+05   0.335218E+05  -0.756646E-02   0.334854E+05   0.334321E+05   0.610077E-01
   0.490735E+00   0.333502E+05   0.321249E+05   0.100104E+00   0.834238E-01   0.225759E+02   0.329869E+05   0.331445E+05   0.329869E+05  -0.744573E-02   0.329511E+05   0.328988E+05   0.592520E-01
   0.495856E+00   0.328216E+05   0.316177E+05   0.964937E-01   0.804154E-01   0.217723E+02   0.324644E+05   0.326195E+05   0.324644E+05  -0.732780E-02   0.324292E+05   0.323778E+05   0.575991E-01
   0.500977E+00   0.323037E+05   0.311197E+05   0.930398E-01   0.775370E-01   0.210011E+02   0.319523E+05   0.321049E+05   0.319523E+05  -0.721220E-02   0.319176E+05   0.318671E+05   0.560599E-01
   0.506098E+00   0.317958E+05   0.306305E+05   0.897330E-01   0.747812E-01   0.202597E+02   0.314499E+05   0.316001E+05   0.314499E+05  -0.709880E-02   0.314158E+05   0.313660E+05   0.546296E-01
   0.511219E+00   0.312983E+05   0.301503E+05   0.865676E-01   0.721432E-01   0.195466E+02   0.309577E+05   0.311055E+05   0.309577E+05  -0.698769E-02   0.309240E+05   0.308750E+05   0.532912E-01
   0.516340E+00   0.308114E+05   0.296801E+05   0.835383E-01   0.696187E-01   0.188668E+02   0.304759E+05   0.306215E+05   0.304759E+05  -0.687895E-02   0.304428E+05   0.303945E+05   0.520208E-01
   0.521462E+00   0.303356E+05   0.292204E+05   0.806400E-01   0.672034E-01   0.182151E+02   0.300051E+05   0.301484E+05   0.300051E+05  -0.677267E-02   0.299725E+05   0.299248E+05   0.507941E-01
   0.526583E+00   0.298714E+05   0.287721E+05   0.778684E-01   0.648936E-01   0.175915E+02   0.295457E+05   0.296868E+05   0.295457E+05  -0.666898E-02   0.295136E+05   0.294666E+05   0.495917E-01
   0.531704E+00   0.294193E+05   0.283360E+05   0.752195E-01   0.626860E-01   0.169956E+02   0.290985E+05   0.292374E+05   0.290985E+05  -0.656804E-02   0.290669E+05   0.290206E+05   0.484023E-01
   0.536825E+00   0.289797E+05   0.279124E+05   0.726883E-01   0.605766E-01   0.164279E+02   0.286635E+05   0.288005E+05   0.286635E+05  -0.646987E-02   0.286325E+05   0.285868E+05   0.472233E-01
   0.541946E+00   0.285517E+05   0.275006E+05   0.702680E-01   0.585596E-01   0.158864E+02   0.282403E+05   0.283752E+05   0.282403E+05  -0.637434E-02   0.282097E+05   0.281648E+05   0.460592E-01
   0.547067E+00   0.281345E+05   0.270995E+05   0.679514E-01   0.566290E-01   0.153649E+02   0.278278E+05   0.279608E+05   0.278278E+05  -0.628123E-02   0.277976E+05   0.277534E+05   0.449186E-01
   0.559946E+00   0.271289E+05   0.261327E+05   0.625440E-01   0.521226E-01   0.141468E+02   0.268335E+05   0.269616E+05   0.268335E+05  -0.605679E-02   0.268043E+05   0.267618E+05   0.422149E-01
   0.593872E+00   0.247200E+05   0.238112E+05   0.506646E-01   0.422226E-01   0.114732E+02   0.244506E+05   0.245674E+05   0.244506E+05  -0.551893E-02   0.244241E+05   0.243852E+05   0.363279E-01
   0.629853E+00   0.225190E+05   0.216919E+05   0.410313E-01   0.341944E-01   0.929942E+01   0.222737E+05   0.223801E+05   0.222737E+05  -0.502757E-02   0.222496E+05   0.222142E+05   0.311580E-01
   0.879031E+00   0.131638E+05   0.126805E+05   0.123146E-01   0.102626E-01   0.280148E+01   0.130205E+05   0.130827E+05   0.130205E+05  -0.293895E-02   0.130063E+05   0.129857E+05   0.130424E-01
   0.122679E+01   0.760215E+04   0.732313E+04   0.365127E-02   0.304287E-02   0.832472E+00   0.751937E+04   0.755530E+04   0.751937E+04  -0.169725E-02   0.751121E+04   0.749930E+04   0.539438E-02
   0.171212E+01   0.434458E+04   0.418516E+04   0.107134E-02   0.892824E-03   0.244449E+00   0.429727E+04   0.431781E+04   0.429727E+04  -0.969971E-03   0.429261E+04   0.428581E+04   0.220945E-02
   0.238945E+01   0.246064E+04   0.237037E+04   0.311528E-03   0.259619E-03   0.711625E-01   0.243385E+04   0.244548E+04   0.243385E+04  -0.549363E-03   0.243121E+04   0.242735E+04   0.897793E-03
